,scores,cavity
709,14.156000137329102,1
710,14.156000137329102,1
711,14.156000137329102,1
724,14.857000350952148,1
725,15.484999656677246,1
726,15.484999656677246,1
727,15.484999656677246,1
739,15.154000282287598,1
740,16.55699920654297,1
741,16.55699920654297,1
742,16.55699920654297,1
754,15.154000282287598,1
755,17.822999954223633,1
756,17.822999954223633,1
757,17.822999954223633,1
769,15.154000282287598,1
770,17.822999954223633,1
771,17.822999954223633,1
772,17.822999954223633,1
784,13.748000144958496,1
785,17.822999954223633,1
786,17.822999954223633,1
787,17.822999954223633,1
800,15.644000053405762,1
801,15.644000053405762,1
802,15.644000053405762,1
994,12.88700008392334,1
995,12.88700008392334,1
996,12.88700008392334,1
1009,16.35700035095215,1
1010,16.35700035095215,1
1011,16.35700035095215,1
1012,12.543000221252441,1
1024,16.35700035095215,1
1025,16.35700035095215,1
1026,16.35700035095215,1
1027,15.484999656677246,1
1028,12.649999618530273,1
1039,16.35700035095215,1
1040,16.55699920654297,1
1041,16.55699920654297,1
1042,16.55699920654297,1
1043,13.552000045776367,1
1054,15.875,1
1055,18.187999725341797,1
1056,18.187999725341797,1
1057,18.187999725341797,1
1058,13.552000045776367,1
1069,15.281999588012695,1
1070,18.187999725341797,1
1071,18.187999725341797,1
1072,18.187999725341797,1
1073,13.552000045776367,1
1084,14.272000312805176,1
1085,19.21299934387207,1
1086,19.21299934387207,1
1087,19.21299934387207,1
1088,16.405000686645508,1
1100,19.21299934387207,1
1101,19.21299934387207,1
1102,19.21299934387207,1
1103,16.405000686645508,1
1115,19.21299934387207,1
1116,19.21299934387207,1
1117,19.21299934387207,1
1118,16.405000686645508,1
1247,14.017999649047852,1
1248,14.017999649047852,1
1249,14.017999649047852,1
1250,11.987000465393066,1
1262,14.017999649047852,1
1263,14.017999649047852,1
1264,14.017999649047852,1
1265,11.987000465393066,1
1277,14.017999649047852,1
1278,14.017999649047852,1
1279,14.017999649047852,1
1280,11.987000465393066,1
1294,12.88700008392334,1
1295,12.88700008392334,1
1296,12.88700008392334,1
1309,16.35700035095215,1
1310,16.35700035095215,1
1311,16.35700035095215,1
1312,12.543000221252441,1
1324,16.35700035095215,1
1325,16.35700035095215,1
1326,16.35700035095215,1
1327,15.484999656677246,1
1328,12.649999618530273,1
1339,16.35700035095215,1
1340,16.55699920654297,1
1341,16.55699920654297,1
1342,16.55699920654297,1
1343,13.552000045776367,1
1354,15.875,1
1355,18.187999725341797,1
1356,18.187999725341797,1
1357,18.187999725341797,1
1358,13.552000045776367,1
1369,15.281999588012695,1
1370,19.517000198364258,1
1371,19.517000198364258,1
1372,19.517000198364258,1
1373,14.704999923706055,1
1388,18.73699951171875,1
1403,18.73699951171875,1
1418,18.73699951171875,1
1430,14.878000259399414,1
1431,14.878000259399414,1
1432,14.878000259399414,1
1534,12.059000015258789,1
1535,12.059000015258789,1
1536,12.059000015258789,1
1547,14.017999649047852,1
1548,14.017999649047852,1
1549,14.017999649047852,1
1550,12.059000015258789,1
1551,12.059000015258789,1
1562,14.017999649047852,1
1563,14.017999649047852,1
1564,14.017999649047852,1
1577,14.017999649047852,1
1578,14.017999649047852,1
1579,14.017999649047852,1
1594,12.88700008392334,1
1595,12.88700008392334,1
1596,12.88700008392334,1
1609,16.35700035095215,1
1610,16.35700035095215,1
1611,16.35700035095215,1
1612,12.543000221252441,1
1624,16.35700035095215,1
1625,16.35700035095215,1
1626,16.35700035095215,1
1627,15.432999610900879,1
1628,12.649999618530273,1
1639,16.35700035095215,1
1640,16.492000579833984,1
1641,16.492000579833984,1
1642,16.492000579833984,1
1643,13.552000045776367,1
1654,15.875,1
1655,18.187999725341797,1
1656,18.187999725341797,1
1657,18.187999725341797,1
1658,13.552000045776367,1
1669,15.281999588012695,1
1670,19.517000198364258,1
1671,19.517000198364258,1
1672,19.517000198364258,1
1673,14.704999923706055,1
1688,18.73699951171875,1
1703,18.73699951171875,1
1718,18.73699951171875,1
1732,14.878000259399414,1
1834,12.059000015258789,1
1835,12.059000015258789,1
1836,12.059000015258789,1
1847,14.017999649047852,1
1848,14.017999649047852,1
1849,14.017999649047852,1
1850,13.71399974822998,1
1851,13.71399974822998,1
1852,13.71399974822998,1
1862,14.017999649047852,1
1863,14.017999649047852,1
1864,14.017999649047852,1
1865,13.71399974822998,1
1866,13.71399974822998,1
1867,13.71399974822998,1
1877,14.017999649047852,1
1878,14.017999649047852,1
1879,14.017999649047852,1
1880,13.71399974822998,1
1881,13.71399974822998,1
1882,13.71399974822998,1
1957,13.012999534606934,1
1970,19.517000198364258,1
1971,19.517000198364258,1
1972,19.517000198364258,1
1973,14.704999923706055,1
1988,18.73699951171875,1
2003,18.73699951171875,1
2018,18.73699951171875,1
2032,14.878000259399414,1
2033,13.178000450134277,1
2034,13.178000450134277,1
2035,13.178000450134277,1
2036,12.765999794006348,1
2048,13.178000450134277,1
2049,13.178000450134277,1
2050,13.178000450134277,1
2051,12.765999794006348,1
2064,12.765999794006348,1
2065,12.765999794006348,1
2066,12.765999794006348,1
2134,12.059000015258789,1
2149,12.059000015258789,1
2164,12.059000015258789,1
2332,14.793000221252441,1
2333,13.178000450134277,1
2334,13.178000450134277,1
2335,13.178000450134277,1
2336,12.765999794006348,1
2348,13.178000450134277,1
2349,13.178000450134277,1
2350,13.178000450134277,1
2351,12.765999794006348,1
2364,12.765999794006348,1
2365,12.765999794006348,1
2366,12.765999794006348,1
2633,13.178000450134277,1
2634,13.178000450134277,1
2635,13.178000450134277,1
2636,12.765999794006348,1
2647,12.336000442504883,1
2648,13.178000450134277,1
2649,13.178000450134277,1
2650,13.178000450134277,1
2651,12.765999794006348,1
2664,12.765999794006348,1
2665,12.765999794006348,1
2666,12.765999794006348,1
2753,13.678000450134277,1
2768,13.678000450134277,1
2783,13.678000450134277,1
2949,12.01099967956543,1
3759,24.15399932861328,1
3760,24.15399932861328,1
3761,24.15399932861328,1
3774,24.15399932861328,1
3775,24.15399932861328,1
3776,24.15399932861328,1
3789,24.15399932861328,1
3790,24.15399932861328,1
3791,24.15399932861328,1
4060,27.110000610351562,1
4061,27.110000610351562,1
4062,13.555000305175781,1
4075,27.110000610351562,1
4076,27.110000610351562,1
4077,13.555000305175781,1
4090,27.110000610351562,1
4091,27.110000610351562,1
4092,13.555000305175781,1
6263,14.145999908447266,1
6264,24.365999221801758,1
6265,24.365999221801758,1
6266,24.365999221801758,1
6267,17.43199920654297,1
6268,16.025999069213867,1
6292,14.145999908447266,1
6293,24.365999221801758,1
6294,24.365999221801758,1
6295,24.365999221801758,1
6296,15.82800006866455,1
6322,12.781999588012695,1
6323,12.890000343322754,1
6324,12.890000343322754,1
6325,12.890000343322754,1
6536,6.25,1
6537,6.25,1
6565,6.25,1
6566,6.25,1
6593,6.22599983215332,1
6594,6.25,1
6595,6.25,1
6622,6.22599983215332,1
6623,6.22599983215332,1
6624,6.22599983215332,1
6652,6.22599983215332,1
6653,6.22599983215332,1
6959,13.619999885559082,1
6960,24.365999221801758,1
6961,24.365999221801758,1
6962,24.365999221801758,1
6988,13.619999885559082,1
6989,24.365999221801758,1
6990,24.365999221801758,1
6991,24.365999221801758,1
7232,6.25,1
7233,6.25,1
7261,6.25,1
7262,6.25,1
7289,6.22599983215332,1
7290,6.25,1
7291,6.25,1
7318,6.22599983215332,1
7319,6.22599983215332,1
7320,6.22599983215332,1
7348,6.22599983215332,1
7349,6.22599983215332,1
7656,15.387999534606934,1
7657,15.387999534606934,1
7658,15.387999534606934,1
7783,6.25,1
7784,6.25,1
7796,7.724999904632568,1
7797,7.724999904632568,1
7798,7.724999904632568,1
7799,7.2170000076293945,1
7800,7.2170000076293945,1
7801,7.2170000076293945,1
7802,6.232999801635742,1
7812,6.25,1
7813,6.25,1
7824,9.369999885559082,1
7825,9.369999885559082,1
7826,9.369999885559082,1
7827,9.369999885559082,1
7828,9.369999885559082,1
7829,9.369999885559082,1
7830,9.038999557495117,1
7831,6.923999786376953,1
7841,6.25,1
7842,6.25,1
7853,9.369999885559082,1
7854,9.369999885559082,1
7855,9.369999885559082,1
7859,9.038999557495117,1
7860,6.923999786376953,1
7870,6.22599983215332,1
7871,6.22599983215332,1
7882,9.369999885559082,1
7883,9.369999885559082,1
7884,9.369999885559082,1
7889,6.923999786376953,1
7899,6.22599983215332,1
7900,6.22599983215332,1
7912,7.756999969482422,1
7913,8.555999755859375,1
7925,6.22599983215332,1
7926,6.25,1
7927,6.25,1
7928,6.25,1
7929,6.25,1
7942,7.265999794006348,1
7948,6.0370001792907715,1
7954,6.22599983215332,1
7955,6.25,1
7956,6.25,1
7957,6.25,1
7958,6.25,1
7971,6.88700008392334,1
7977,7.11299991607666,1
7978,6.322000026702881,1
7983,6.22599983215332,1
7984,6.25,1
7985,6.25,1
7986,6.25,1
7987,6.25,1
8006,7.822000026702881,1
8007,6.927999973297119,1
8008,6.927999973297119,1
8009,6.927999973297119,1
8014,6.22599983215332,1
8015,6.22599983215332,1
8016,6.22599983215332,1
8035,8.232000350952148,1
8036,7.333000183105469,1
8037,7.03000020980835,1
8038,6.927999973297119,1
8039,6.172999858856201,1
8044,6.22599983215332,1
8045,6.22599983215332,1
8064,8.232000350952148,1
8065,8.026000022888184,1
8066,8.210000038146973,1
8067,8.210000038146973,1
8068,8.210000038146973,1
8093,8.232000350952148,1
8094,8.026000022888184,1
8095,8.210000038146973,1
8096,8.210000038146973,1
8097,8.210000038146973,1
8118,6.2210001945495605,1
8119,6.250999927520752,1
8120,6.980000019073486,1
8121,8.026000022888184,1
8122,8.026000022888184,1
8123,8.026000022888184,1
8124,8.210000038146973,1
8125,8.210000038146973,1
8126,8.210000038146973,1
8408,7.738999843597412,1
8436,6.830999851226807,1
8437,8.095999717712402,1
8461,6.982999801635742,1
8462,6.982999801635742,1
8479,6.25,1
8480,6.25,1
8490,6.982999801635742,1
8491,8.402000427246094,1
8508,6.25,1
8509,6.25,1
8519,9.788000106811523,1
8520,9.788000106811523,1
8525,11.14799976348877,1
8526,10.11299991607666,1
8527,9.61299991607666,1
8528,7.4039998054504395,1
8535,6.25,1
8536,6.25,1
8537,6.25,1
8538,6.25,1
8548,9.788000106811523,1
8549,9.788000106811523,1
8550,9.788000106811523,1
8551,11.22599983215332,1
8555,11.22599983215332,1
8556,9.991000175476074,1
8557,8.725000381469727,1
8558,6.995999813079834,1
8564,6.25,1
8565,6.25,1
8566,6.25,1
8567,6.22599983215332,1
8577,9.788000106811523,1
8578,9.788000106811523,1
8579,9.788000106811523,1
8580,11.22599983215332,1
8585,9.991000175476074,1
8586,9.149999618530273,1
8587,7.776000022888184,1
8588,6.533999919891357,1
8593,6.25,1
8594,6.25,1
8595,6.25,1
8596,6.22599983215332,1
8607,8.199000358581543,1
8608,8.694999694824219,1
8609,10.07800006866455,1
8615,9.149999618530273,1
8616,9.036999702453613,1
8617,6.933000087738037,1
8618,6.460000038146973,1
8621,6.22599983215332,1
8622,6.25,1
8623,6.25,1
8624,6.25,1
8637,6.7779998779296875,1
8638,10.07800006866455,1
8644,9.822999954223633,1
8645,9.036999702453613,1
8646,7.88100004196167,1
8647,7.331999778747559,1
8648,7.331999778747559,1
8650,6.22599983215332,1
8651,6.25,1
8652,6.25,1
8653,6.25,1
8667,8.23900032043457,1
8673,9.822999954223633,1
8674,9.557000160217285,1
8675,8.571000099182129,1
8676,8.571000099182129,1
8677,8.149999618530273,1
8679,6.22599983215332,1
8680,6.25,1
8681,6.25,1
8682,6.25,1
8702,11.12600040435791,1
8703,11.12600040435791,1
8704,8.571000099182129,1
8705,8.571000099182129,1
8706,8.321000099182129,1
8707,7.479000091552734,1
8731,11.496999740600586,1
8732,11.496999740600586,1
8733,9.314000129699707,1
8734,9.314000129699707,1
8735,8.862000465393066,1
8760,11.496999740600586,1
8761,11.496999740600586,1
8762,9.3149995803833,1
8763,9.314000129699707,1
8764,8.862000465393066,1
8765,8.10099983215332,1
8789,11.496999740600586,1
8790,11.496999740600586,1
8791,9.3149995803833,1
8792,9.314000129699707,1
8793,8.862000465393066,1
8817,9.515999794006348,1
8818,9.515999794006348,1
8819,9.515999794006348,1
8820,9.3149995803833,1
8821,8.517999649047852,1
8822,8.517999649047852,1
8846,7.704999923706055,1
8847,7.704999923706055,1
8848,7.704999923706055,1
8849,7.077000141143799,1
8850,7.678999900817871,1
8851,7.678999900817871,1
8878,6.065999984741211,1
8879,6.065999984741211,1
8880,6.065999984741211,1
9048,6.436999797821045,1
9052,6.105999946594238,1
9075,6.693999767303467,1
9076,6.855000019073486,1
9081,6.105999946594238,1
9103,6.769000053405762,1
9104,10.70300006866455,1
9105,10.70300006866455,1
9106,10.70300006866455,1
9110,6.105999946594238,1
9157,6.982999801635742,1
9158,6.982999801635742,1
9175,6.25,1
9176,6.25,1
9185,6.732999801635742,1
9186,8.767999649047852,1
9187,9.736000061035156,1
9191,12.128000259399414,1
9192,12.128000259399414,1
9193,12.128000259399414,1
9194,11.383000373840332,1
9196,8.333999633789062,1
9197,6.789000034332275,1
9204,6.25,1
9205,6.25,1
9214,7.171999931335449,1
9215,9.788000106811523,1
9216,11.392000198364258,1
9220,12.468000411987305,1
9221,12.468000411987305,1
9222,12.128000259399414,1
9223,11.574999809265137,1
9224,10.529999732971191,1
9225,9.204999923706055,1
9226,8.111000061035156,1
9227,6.848999977111816,1
9231,6.25,1
9232,6.25,1
9233,6.25,1
9234,6.25,1
9242,6.130000114440918,1
9243,7.171999931335449,1
9244,10.357999801635742,1
9245,11.392000198364258,1
9246,12.199000358581543,1
9247,12.199000358581543,1
9251,12.128000259399414,1
9252,11.574999809265137,1
9253,11.0,1
9254,9.548999786376953,1
9255,8.111000061035156,1
9256,6.848999977111816,1
9260,6.25,1
9261,6.25,1
9262,6.25,1
9263,6.22599983215332,1
9271,6.130000114440918,1
9272,7.171999931335449,1
9273,10.357999801635742,1
9274,11.392000198364258,1
9275,12.199000358581543,1
9276,12.199000358581543,1
9281,11.574999809265137,1
9282,11.0,1
9283,10.222999572753906,1
9284,8.819999694824219,1
9285,8.001999855041504,1
9286,6.190000057220459,1
9289,6.25,1
9290,6.25,1
9291,6.25,1
9292,6.22599983215332,1
9300,6.130000114440918,1
9301,7.076000213623047,1
9302,10.357999801635742,1
9303,10.791999816894531,1
9304,11.14799976348877,1
9305,11.574000358581543,1
9311,11.36400032043457,1
9312,11.098999977111816,1
9313,10.501999855041504,1
9314,10.053000450134277,1
9315,8.376999855041504,1
9316,7.315999984741211,1
9317,6.22599983215332,1
9318,6.25,1
9319,6.25,1
9320,6.25,1
9331,6.099999904632568,1
9332,9.1899995803833,1
9333,10.104999542236328,1
9334,10.104999542236328,1
9340,11.36400032043457,1
9341,11.098999977111816,1
9342,10.501999855041504,1
9343,10.053000450134277,1
9344,8.376999855041504,1
9345,7.826000213623047,1
9346,6.22599983215332,1
9347,6.25,1
9348,6.25,1
9349,6.25,1
9361,7.11299991607666,1
9362,7.341000080108643,1
9363,8.847999572753906,1
9369,11.468000411987305,1
9370,11.468000411987305,1
9371,11.468000411987305,1
9372,10.053000450134277,1
9373,8.920000076293945,1
9374,8.63700008392334,1
9375,6.22599983215332,1
9376,6.25,1
9377,6.25,1
9378,6.25,1
9392,7.34499979019165,1
9398,11.654000282287598,1
9399,11.468000411987305,1
9400,11.468000411987305,1
9401,9.607999801635742,1
9402,8.920000076293945,1
9403,8.63700008392334,1
9404,6.428999900817871,1
9421,7.316999912261963,1
9427,11.654000282287598,1
9428,11.496999740600586,1
9429,11.468000411987305,1
9430,9.607999801635742,1
9431,8.920000076293945,1
9432,8.63700008392334,1
9433,7.864999771118164,1
9456,11.654000282287598,1
9457,11.496999740600586,1
9458,10.774999618530273,1
9459,9.65999984741211,1
9460,9.027000427246094,1
9461,8.427000045776367,1
9462,7.960000038146973,1
9485,11.496999740600586,1
9486,11.496999740600586,1
9487,9.951000213623047,1
9488,9.65999984741211,1
9489,9.027000427246094,1
9513,10.616000175476074,1
9514,10.616000175476074,1
9515,10.074999809265137,1
9516,9.951000213623047,1
9517,9.65999984741211,1
9518,9.027000427246094,1
9542,9.246000289916992,1
9543,9.951000213623047,1
9544,9.951000213623047,1
9545,9.951000213623047,1
9546,8.657999992370605,1
9547,8.37399959564209,1
9571,6.103000164031982,1
9572,6.103000164031982,1
9573,6.103000164031982,1
9574,8.095000267028809,1
9575,8.095000267028809,1
9576,8.095000267028809,1
9742,7.9079999923706055,1
9743,7.9079999923706055,1
9744,7.9079999923706055,1
9745,6.581999778747559,1
9746,6.105999946594238,1
9747,6.105999946594238,1
9748,6.105999946594238,1
9770,6.568999767303467,1
9771,8.418999671936035,1
9772,8.868000030517578,1
9773,8.868000030517578,1
9774,8.868000030517578,1
9777,6.105999946594238,1
9799,6.769000053405762,1
9800,10.70300006866455,1
9801,10.70300006866455,1
9802,10.70300006866455,1
9806,6.210000038146973,1
9835,7.068999767303467,1
9853,6.982999801635742,1
9854,6.982999801635742,1
9861,12.288999557495117,1
9862,11.847999572753906,1
9863,10.317999839782715,1
9864,8.454000473022461,1
9881,6.732999801635742,1
9882,8.767999649047852,1
9883,11.949000358581543,1
9890,12.288999557495117,1
9891,11.928000450134277,1
9892,11.708000183105469,1
9893,9.38599967956543,1
9894,7.756999969482422,1
9895,6.308000087738037,1
9896,6.25,1
9897,6.25,1
9898,6.25,1
9909,6.9070000648498535,1
9910,12.062000274658203,1
9911,13.463000297546387,1
9912,13.463000297546387,1
9919,12.699999809265137,1
9920,12.473999977111816,1
9921,11.708000183105469,1
9922,9.38599967956543,1
9923,8.454000473022461,1
9924,7.486000061035156,1
9925,6.25,1
9926,6.25,1
9927,6.25,1
9928,6.25,1
9929,6.25,1
9938,6.9070000648498535,1
9939,12.991000175476074,1
9940,13.463000297546387,1
9941,13.463000297546387,1
9942,13.9399995803833,1
9943,13.9399995803833,1
9944,13.9399995803833,1
9945,13.857999801635742,1
9946,13.77400016784668,1
9947,13.173999786376953,1
9948,12.699999809265137,1
9949,12.473999977111816,1
9950,12.345000267028809,1
9951,9.991000175476074,1
9952,9.38599967956543,1
9953,7.756999969482422,1
9954,6.25,1
9955,6.25,1
9956,6.25,1
9957,6.25,1
9958,6.25,1
9967,7.635000228881836,1
9968,12.991000175476074,1
9969,13.463000297546387,1
9970,13.463000297546387,1
9971,13.9399995803833,1
9972,13.9399995803833,1
9973,13.9399995803833,1
9974,13.857999801635742,1
9975,13.77400016784668,1
9976,13.173999786376953,1
9977,12.699999809265137,1
9978,12.473999977111816,1
9979,12.345000267028809,1
9980,10.730999946594238,1
9981,10.730999946594238,1
9982,9.670999526977539,1
9983,6.413000106811523,1
9984,6.22599983215332,1
9985,6.25,1
9986,6.25,1
9987,6.25,1
9996,7.635000228881836,1
9997,12.991000175476074,1
9998,13.246999740600586,1
9999,13.246999740600586,1
10000,13.48799991607666,1
10001,13.857999801635742,1
10002,13.911999702453613,1
10003,13.911999702453613,1
10004,13.911999702453613,1
10005,13.173999786376953,1
10006,12.355999946594238,1
10007,12.345000267028809,1
10008,12.345000267028809,1
10009,10.730999946594238,1
10010,10.730999946594238,1
10011,9.670999526977539,1
10012,7.624000072479248,1
10013,6.185999870300293,1
10014,6.22599983215332,1
10015,6.22599983215332,1
10016,6.22599983215332,1
10025,7.635000228881836,1
10026,9.460000038146973,1
10027,9.623000144958496,1
10028,11.314000129699707,1
10029,13.48799991607666,1
10030,13.48799991607666,1
10031,13.911999702453613,1
10032,13.911999702453613,1
10033,13.911999702453613,1
10034,12.451000213623047,1
10035,12.288999557495117,1
10036,12.270000457763672,1
10037,12.241000175476074,1
10038,11.217000007629395,1
10039,10.730999946594238,1
10040,9.670999526977539,1
10041,8.505000114440918,1
10042,7.110000133514404,1
10055,7.790999889373779,1
10056,7.790999889373779,1
10057,8.87399959564209,1
10058,11.871000289916992,1
10059,13.293999671936035,1
10060,13.911999702453613,1
10061,13.911999702453613,1
10062,13.911999702453613,1
10064,12.288999557495117,1
10065,12.241000175476074,1
10066,12.241000175476074,1
10067,11.503999710083008,1
10068,10.579000473022461,1
10069,9.774999618530273,1
10070,8.918999671936035,1
10071,8.151000022888184,1
10086,7.163000106811523,1
10087,8.217000007629395,1
10088,10.038000106811523,1
10089,12.062000274658203,1
10094,12.331000328063965,1
10095,12.331000328063965,1
10096,11.503999710083008,1
10097,10.321000099182129,1
10098,10.215999603271484,1
10099,8.918999671936035,1
10100,8.151000022888184,1
10101,6.571000099182129,1
10116,7.7729997634887695,1
10117,10.038000106811523,1
10123,13.831999778747559,1
10124,13.831999778747559,1
10125,11.791000366210938,1
10126,11.378000259399414,1
10127,11.378000259399414,1
10128,8.918999671936035,1
10129,8.151000022888184,1
10130,7.479000091552734,1
10145,7.486000061035156,1
10152,13.831999778747559,1
10153,13.831999778747559,1
10154,11.791000366210938,1
10155,11.378000259399414,1
10156,11.378000259399414,1
10157,9.314000129699707,1
10158,8.918000221252441,1
10159,7.479000091552734,1
10181,13.831999778747559,1
10182,13.831999778747559,1
10183,11.791000366210938,1
10184,11.378000259399414,1
10185,11.378000259399414,1
10186,9.314000129699707,1
10187,8.918000221252441,1
10188,7.479000091552734,1
10213,10.491999626159668,1
10214,10.461999893188477,1
10215,9.314000129699707,1
10216,8.918000221252441,1
10242,8.869999885559082,1
10243,8.621000289916992,1
10244,8.37399959564209,1
10245,8.210000038146973,1
10267,6.103000164031982,1
10271,8.25,1
10272,8.25,1
10273,8.07800006866455,1
10300,6.065999984741211,1
10301,6.065999984741211,1
10302,6.065999984741211,1
10438,7.9079999923706055,1
10439,7.9079999923706055,1
10440,7.9079999923706055,1
10441,7.36299991607666,1
10442,7.36299991607666,1
10443,6.105999946594238,1
10444,6.105999946594238,1
10466,6.568999767303467,1
10467,8.418999671936035,1
10468,9.178000450134277,1
10469,9.178000450134277,1
10470,9.178000450134277,1
10471,9.041000366210938,1
10472,6.105999946594238,1
10473,6.105999946594238,1
10474,6.105999946594238,1
10495,6.769000053405762,1
10496,10.70300006866455,1
10497,10.70300006866455,1
10498,10.70300006866455,1
10499,10.187999725341797,1
10500,9.50100040435791,1
10501,7.14300012588501,1
10502,6.848999977111816,1
10503,6.105999946594238,1
10529,9.50100040435791,1
10530,8.772000312805176,1
10531,8.404999732971191,1
10532,6.504000186920166,1
10551,6.557000160217285,1
10552,8.291999816894531,1
10558,11.847999572753906,1
10559,10.317999839782715,1
10560,9.666000366210938,1
10561,7.790999889373779,1
10577,6.732999801635742,1
10578,8.767999649047852,1
10579,11.949000358581543,1
10580,11.949000358581543,1
10581,11.949000358581543,1
10587,12.220999717712402,1
10588,12.220999717712402,1
10589,10.925999641418457,1
10590,10.286999702453613,1
10591,8.96399974822998,1
10592,6.25,1
10593,6.25,1
10594,6.25,1
10605,7.454999923706055,1
10606,12.062000274658203,1
10607,13.463000297546387,1
10608,13.463000297546387,1
10609,13.9399995803833,1
10610,13.9399995803833,1
10611,13.9399995803833,1
10615,12.699999809265137,1
10616,12.640000343322754,1
10617,12.640000343322754,1
10618,12.234000205993652,1
10619,11.48900032043457,1
10620,9.769000053405762,1
10621,7.682000160217285,1
10622,6.25,1
10623,6.25,1
10633,7.818999767303467,1
10634,11.760000228881836,1
10635,13.9399995803833,1
10636,13.9399995803833,1
10637,13.9399995803833,1
10638,13.9399995803833,1
10639,14.003000259399414,1
10640,14.468999862670898,1
10641,14.468999862670898,1
10642,14.468999862670898,1
10643,13.847000122070312,1
10644,13.588000297546387,1
10645,13.041999816894531,1
10646,12.640000343322754,1
10647,12.473999977111816,1
10648,11.48900032043457,1
10649,9.769000053405762,1
10650,7.682000160217285,1
10651,6.25,1
10652,6.25,1
10661,6.676000118255615,1
10662,8.637999534606934,1
10663,11.760000228881836,1
10664,13.9399995803833,1
10665,14.253000259399414,1
10666,14.253000259399414,1
10667,14.253000259399414,1
10668,14.782999992370605,1
10669,14.782999992370605,1
10670,14.782999992370605,1
10671,14.520999908447266,1
10672,13.847000122070312,1
10673,13.588000297546387,1
10674,13.21500015258789,1
10675,12.744000434875488,1
10676,12.473999977111816,1
10677,11.48900032043457,1
10678,9.769000053405762,1
10679,8.9399995803833,1
10680,6.919000148773193,1
10681,6.22599983215332,1
10690,6.676000118255615,1
10691,8.637999534606934,1
10692,11.760000228881836,1
10693,13.9399995803833,1
10694,14.253000259399414,1
10695,14.253000259399414,1
10696,14.253000259399414,1
10697,14.782999992370605,1
10698,14.782999992370605,1
10699,14.782999992370605,1
10700,14.520999908447266,1
10701,13.847000122070312,1
10702,13.588000297546387,1
10703,13.21500015258789,1
10704,12.744000434875488,1
10705,12.473999977111816,1
10706,11.149999618530273,1
10707,9.696999549865723,1
10708,8.9399995803833,1
10709,8.22700023651123,1
10719,6.676000118255615,1
10720,8.637999534606934,1
10721,10.930999755859375,1
10722,13.067000389099121,1
10723,14.253000259399414,1
10724,14.253000259399414,1
10725,14.253000259399414,1
10726,14.782999992370605,1
10727,14.782999992370605,1
10728,14.782999992370605,1
10729,14.520999908447266,1
10730,13.559000015258789,1
10731,13.21500015258789,1
10732,13.21500015258789,1
10733,12.744000434875488,1
10734,11.854000091552734,1
10735,10.730999946594238,1
10736,10.005999565124512,1
10737,8.940999984741211,1
10738,8.22700023651123,1
10749,7.308000087738037,1
10750,8.99899959564209,1
10751,11.038000106811523,1
10752,13.293999671936035,1
10753,13.911999702453613,1
10754,13.911999702453613,1
10755,13.911999702453613,1
10756,13.911999702453613,1
10757,13.911999702453613,1
10758,13.911999702453613,1
10759,13.559000015258789,1
10760,13.22599983215332,1
10761,13.22599983215332,1
10762,12.241000175476074,1
10763,12.015000343322754,1
10764,10.730999946594238,1
10765,10.005999565124512,1
10766,9.095999717712402,1
10767,8.569000244140625,1
10768,6.735000133514404,1
10780,7.9730000495910645,1
10781,9.991000175476074,1
10782,11.463000297546387,1
10783,13.467000007629395,1
10784,13.467000007629395,1
10785,14.583999633789062,1
10786,14.583999633789062,1
10787,14.583999633789062,1
10788,14.583999633789062,1
10789,14.583999633789062,1
10790,14.479000091552734,1
10791,12.331000328063965,1
10792,12.015000343322754,1
10793,10.730999946594238,1
10794,10.215999603271484,1
10795,9.317999839782715,1
10796,8.920000076293945,1
10797,8.63700008392334,1
10810,7.448999881744385,1
10811,10.350000381469727,1
10812,13.467000007629395,1
10813,13.467000007629395,1
10818,14.583999633789062,1
10819,14.479000091552734,1
10820,14.074999809265137,1
10821,13.043000221252441,1
10822,11.92199993133545,1
10823,11.802000045776367,1
10824,9.357000350952148,1
10825,8.920000076293945,1
10826,8.63700008392334,1
10840,7.339000225067139,1
10841,10.45199966430664,1
10847,14.583999633789062,1
10848,14.479000091552734,1
10849,14.074999809265137,1
10850,13.043000221252441,1
10851,12.008999824523926,1
10852,12.008999824523926,1
10853,9.479999542236328,1
10854,8.920000076293945,1
10855,8.63700008392334,1
10870,8.67300033569336,1
10876,14.074999809265137,1
10877,14.074999809265137,1
10878,14.074999809265137,1
10879,13.043000221252441,1
10880,12.369000434875488,1
10881,12.008999824523926,1
10882,9.694999694824219,1
10883,8.918000221252441,1
10884,7.479000091552734,1
10899,6.896999835968018,1
10909,12.369000434875488,1
10910,12.008999824523926,1
10911,9.694999694824219,1
10912,8.918000221252441,1
10913,6.607999801635742,1
10938,12.369000434875488,1
10939,10.543999671936035,1
10940,9.694999694824219,1
10941,8.210000038146973,1
10963,6.5329999923706055,1
10967,8.595999717712402,1
10968,8.595999717712402,1
10969,8.258000373840332,1
10998,6.065999984741211,1
11134,7.9079999923706055,1
11135,7.9079999923706055,1
11136,7.9079999923706055,1
11137,7.36299991607666,1
11138,7.36299991607666,1
11139,7.020999908447266,1
11140,6.324999809265137,1
11162,6.568999767303467,1
11163,8.418999671936035,1
11164,9.178000450134277,1
11165,9.178000450134277,1
11166,9.178000450134277,1
11167,9.041000366210938,1
11168,8.15999984741211,1
11169,8.15999984741211,1
11170,6.105999946594238,1
11191,6.568999767303467,1
11192,8.418999671936035,1
11196,9.50100040435791,1
11197,8.579000473022461,1
11198,8.15999984741211,1
11199,6.105999946594238,1
11220,6.872000217437744,1
11225,9.562000274658203,1
11226,9.562000274658203,1
11227,9.362000465393066,1
11228,6.504000186920166,1
11229,6.0970001220703125,1
11248,6.6020002365112305,1
11249,10.812000274658203,1
11254,11.847999572753906,1
11255,10.317999839782715,1
11256,10.133000373840332,1
11257,8.456000328063965,1
11258,6.888000011444092,1
11275,11.949000358581543,1
11276,11.949000358581543,1
11277,11.949000358581543,1
11278,11.734000205993652,1
11283,12.220999717712402,1
11284,12.220999717712402,1
11285,11.47599983215332,1
11286,10.286999702453613,1
11287,8.96399974822998,1
11288,6.25,1
11289,6.25,1
11290,6.25,1
11300,6.046000003814697,1
11301,7.454999923706055,1
11302,12.062000274658203,1
11303,13.463000297546387,1
11304,13.463000297546387,1
11305,13.9399995803833,1
11306,13.9399995803833,1
11307,13.9399995803833,1
11312,12.640000343322754,1
11313,12.640000343322754,1
11314,12.234000205993652,1
11315,11.48900032043457,1
11316,10.29800033569336,1
11317,7.682000160217285,1
11318,6.25,1
11319,6.25,1
11328,9.071000099182129,1
11329,9.309000015258789,1
11330,11.760000228881836,1
11331,13.9399995803833,1
11332,13.9399995803833,1
11333,14.003000259399414,1
11334,14.003000259399414,1
11335,14.003000259399414,1
11336,14.468999862670898,1
11337,14.468999862670898,1
11338,14.468999862670898,1
11339,14.086000442504883,1
11340,13.588000297546387,1
11341,13.109000205993652,1
11342,13.109000205993652,1
11343,12.729000091552734,1
11344,12.220999717712402,1
11345,10.925999641418457,1
11346,7.682000160217285,1
11347,6.2870001792907715,1
11348,6.25,1
11356,8.28499984741211,1
11357,9.946000099182129,1
11358,13.611000061035156,1
11359,13.611000061035156,1
11360,13.9399995803833,1
11361,14.270000457763672,1
11362,14.782999992370605,1
11363,14.782999992370605,1
11364,14.782999992370605,1
11365,14.782999992370605,1
11366,14.782999992370605,1
11367,14.520999908447266,1
11368,14.468999862670898,1
11369,14.468999862670898,1
11370,13.847000122070312,1
11371,13.588000297546387,1
11372,13.041999816894531,1
11373,12.277999877929688,1
11374,10.925999641418457,1
11375,9.17199993133545,1
11376,7.23199987411499,1
11377,6.22599983215332,1
11385,8.28499984741211,1
11386,9.946000099182129,1
11387,13.611000061035156,1
11388,13.611000061035156,1
11389,13.9399995803833,1
11390,14.270000457763672,1
11391,14.782999992370605,1
11392,14.782999992370605,1
11393,14.782999992370605,1
11394,14.782999992370605,1
11395,14.782999992370605,1
11396,14.520999908447266,1
11397,14.468999862670898,1
11398,14.468999862670898,1
11399,13.847000122070312,1
11400,13.588000297546387,1
11401,13.041999816894531,1
11402,12.277999877929688,1
11403,10.925999641418457,1
11404,9.17199993133545,1
11405,8.758999824523926,1
11406,6.461999893188477,1
11414,8.28499984741211,1
11415,9.951000213623047,1
11416,13.611000061035156,1
11417,13.611000061035156,1
11418,13.611000061035156,1
11419,14.270000457763672,1
11420,14.782999992370605,1
11421,14.782999992370605,1
11422,14.782999992370605,1
11423,14.782999992370605,1
11424,14.782999992370605,1
11425,14.520999908447266,1
11426,14.468999862670898,1
11427,14.468999862670898,1
11428,13.847000122070312,1
11429,13.588000297546387,1
11430,13.041999816894531,1
11431,12.277999877929688,1
11432,10.895000457763672,1
11433,9.23900032043457,1
11434,8.758999824523926,1
11435,7.1519999504089355,1
11443,7.9039998054504395,1
11444,9.951000213623047,1
11445,11.11299991607666,1
11446,11.531999588012695,1
11447,11.531999588012695,1
11448,13.293999671936035,1
11449,13.911999702453613,1
11450,13.911999702453613,1
11451,13.911999702453613,1
11452,13.911999702453613,1
11453,13.911999702453613,1
11454,13.911999702453613,1
11455,13.911999702453613,1
11456,13.911999702453613,1
11457,13.22599983215332,1
11458,12.588000297546387,1
11459,12.345000267028809,1
11460,11.800000190734863,1
11461,10.310999870300293,1
11462,9.416999816894531,1
11463,9.263999938964844,1
11464,7.89900016784668,1
11473,9.951000213623047,1
11474,9.951000213623047,1
11475,9.951000213623047,1
11476,10.843999862670898,1
11477,11.73799991607666,1
11478,12.777000427246094,1
11479,13.467000007629395,1
11480,13.467000007629395,1
11481,14.583999633789062,1
11482,14.583999633789062,1
11483,14.583999633789062,1
11484,14.583999633789062,1
11485,14.583999633789062,1
11486,14.479000091552734,1
11487,12.522000312805176,1
11488,12.522000312805176,1
11489,11.800000190734863,1
11490,11.29699993133545,1
11491,9.416999816894531,1
11492,9.263999938964844,1
11493,8.63700008392334,1
11502,9.180999755859375,1
11503,9.180999755859375,1
11504,9.180999755859375,1
11505,8.76200008392334,1
11506,9.666999816894531,1
11507,12.572999954223633,1
11508,13.467000007629395,1
11509,13.467000007629395,1
11510,14.583999633789062,1
11511,14.583999633789062,1
11512,14.583999633789062,1
11513,14.583999633789062,1
11514,14.583999633789062,1
11515,14.479000091552734,1
11516,14.074999809265137,1
11517,13.831999778747559,1
11518,12.234000205993652,1
11519,11.802000045776367,1
11520,9.722999572753906,1
11521,9.310999870300293,1
11522,8.63700008392334,1
11534,7.573999881744385,1
11535,8.079000473022461,1
11536,9.75,1
11537,11.918000221252441,1
11543,14.583999633789062,1
11544,14.479000091552734,1
11545,14.074999809265137,1
11546,13.831999778747559,1
11547,12.234000205993652,1
11548,12.008999824523926,1
11549,11.237000465393066,1
11550,9.442999839782715,1
11551,8.63700008392334,1
11564,6.182000160217285,1
11565,7.568999767303467,1
11566,11.27299976348877,1
11572,14.074999809265137,1
11573,14.074999809265137,1
11574,14.074999809265137,1
11575,13.831999778747559,1
11576,12.369000434875488,1
11577,12.008999824523926,1
11578,11.237000465393066,1
11579,9.442999839782715,1
11580,7.479000091552734,1
11595,8.173999786376953,1
11605,12.369000434875488,1
11606,12.008999824523926,1
11607,11.237000465393066,1
11608,9.442999839782715,1
11609,6.607999801635742,1
11627,7.97599983215332,1
11628,8.553999900817871,1
11634,12.369000434875488,1
11635,10.543999671936035,1
11636,10.506999969482422,1
11637,8.07800006866455,1
11659,6.863999843597412,1
11663,8.595999717712402,1
11664,8.595999717712402,1
11665,8.258000373840332,1
11666,8.07800006866455,1
11694,6.065999984741211,1
11830,6.958000183105469,1
11831,6.958000183105469,1
11832,7.36299991607666,1
11833,7.36299991607666,1
11834,7.36299991607666,1
11835,7.020999908447266,1
11836,6.394000053405762,1
11837,6.394000053405762,1
11859,6.958000183105469,1
11860,9.178000450134277,1
11861,9.178000450134277,1
11862,9.178000450134277,1
11863,9.041000366210938,1
11864,8.15999984741211,1
11865,8.15999984741211,1
11866,7.020999908447266,1
11888,8.416000366210938,1
11892,9.50100040435791,1
11893,8.579000473022461,1
11894,8.15999984741211,1
11895,7.020999908447266,1
11896,6.324999809265137,1
11921,9.562000274658203,1
11922,9.562000274658203,1
11923,9.362000465393066,1
11924,8.15999984741211,1
11925,8.15999984741211,1
11945,8.038999557495117,1
11950,10.286999702453613,1
11951,10.133000373840332,1
11952,10.133000373840332,1
11953,8.579000473022461,1
11954,8.15999984741211,1
11971,7.5279998779296875,1
11972,9.189000129699707,1
11973,9.189000129699707,1
11974,11.734000205993652,1
11979,12.220999717712402,1
11980,12.220999717712402,1
11981,11.47599983215332,1
11982,10.286999702453613,1
11983,8.96399974822998,1
11996,7.247000217437744,1
11997,7.645999908447266,1
11998,11.33899974822998,1
11999,11.33899974822998,1
12000,11.33899974822998,1
12001,11.529000282287598,1
12002,11.529000282287598,1
12003,12.677000045776367,1
12008,12.640000343322754,1
12009,12.640000343322754,1
12010,12.234000205993652,1
12011,11.48900032043457,1
12012,10.29800033569336,1
12013,8.977999687194824,1
12024,10.553999900817871,1
12025,12.019000053405762,1
12026,12.019000053405762,1
12027,13.9399995803833,1
12028,13.9399995803833,1
12029,14.003000259399414,1
12030,14.003000259399414,1
12031,14.003000259399414,1
12032,14.468999862670898,1
12036,13.588000297546387,1
12037,13.109000205993652,1
12038,13.109000205993652,1
12039,12.729000091552734,1
12040,12.220999717712402,1
12041,10.925999641418457,1
12042,9.73799991607666,1
12043,7.6620001792907715,1
12052,8.28499984741211,1
12053,10.553999900817871,1
12054,13.77400016784668,1
12055,13.77400016784668,1
12056,13.9399995803833,1
12057,14.270000457763672,1
12058,14.782999992370605,1
12059,14.782999992370605,1
12060,14.782999992370605,1
12061,14.782999992370605,1
12062,14.782999992370605,1
12063,14.520999908447266,1
12064,14.468999862670898,1
12065,14.468999862670898,1
12066,13.847000122070312,1
12067,13.588000297546387,1
12068,13.041999816894531,1
12069,12.277999877929688,1
12070,11.109000205993652,1
12071,9.73799991607666,1
12072,8.208999633789062,1
12081,8.28499984741211,1
12082,10.553999900817871,1
12083,13.77400016784668,1
12084,14.253000259399414,1
12085,14.253000259399414,1
12086,14.270000457763672,1
12087,14.782999992370605,1
12088,14.782999992370605,1
12089,14.782999992370605,1
12090,14.782999992370605,1
12091,14.782999992370605,1
12092,14.782999992370605,1
12093,14.782999992370605,1
12094,14.520999908447266,1
12095,14.270000457763672,1
12096,14.270000457763672,1
12097,13.88599967956543,1
12098,12.76200008392334,1
12099,11.668999671936035,1
12100,9.73799991607666,1
12101,8.987000465393066,1
12102,7.568999767303467,1
12110,8.28499984741211,1
12111,9.951000213623047,1
12112,13.77400016784668,1
12113,14.253000259399414,1
12114,14.253000259399414,1
12115,14.270000457763672,1
12116,14.782999992370605,1
12117,14.782999992370605,1
12118,14.782999992370605,1
12119,14.782999992370605,1
12120,14.782999992370605,1
12121,14.782999992370605,1
12122,14.782999992370605,1
12123,14.520999908447266,1
12124,14.270000457763672,1
12125,14.270000457763672,1
12126,13.88599967956543,1
12127,12.76200008392334,1
12128,11.668999671936035,1
12129,9.67199993133545,1
12130,8.998000144958496,1
12131,8.378000259399414,1
12139,7.9039998054504395,1
12140,11.380999565124512,1
12141,12.019000053405762,1
12142,14.253000259399414,1
12143,14.253000259399414,1
12144,14.253000259399414,1
12145,13.911999702453613,1
12146,13.911999702453613,1
12147,13.911999702453613,1
12148,14.253000259399414,1
12149,14.782999992370605,1
12150,14.782999992370605,1
12151,14.782999992370605,1
12152,14.520999908447266,1
12153,14.270000457763672,1
12154,14.270000457763672,1
12155,13.88599967956543,1
12156,12.76200008392334,1
12157,11.668999671936035,1
12158,9.437999725341797,1
12159,9.263999938964844,1
12160,8.378000259399414,1
12169,11.380999565124512,1
12170,11.380999565124512,1
12171,11.380999565124512,1
12172,11.925000190734863,1
12173,12.970000267028809,1
12174,13.831999778747559,1
12175,13.831999778747559,1
12176,13.831999778747559,1
12177,14.583999633789062,1
12178,14.583999633789062,1
12179,14.583999633789062,1
12180,14.583999633789062,1
12181,14.583999633789062,1
12182,14.583999633789062,1
12183,14.583999633789062,1
12184,14.479000091552734,1
12185,13.189000129699707,1
12186,11.406999588012695,1
12187,10.763999938964844,1
12188,9.263999938964844,1
12189,8.63700008392334,1
12198,11.380999565124512,1
12199,11.380999565124512,1
12200,11.380999565124512,1
12201,11.177000045776367,1
12202,12.187000274658203,1
12203,13.206999778747559,1
12204,13.467000007629395,1
12205,13.467000007629395,1
12206,14.583999633789062,1
12207,14.583999633789062,1
12208,14.583999633789062,1
12209,14.583999633789062,1
12210,14.583999633789062,1
12211,14.583999633789062,1
12212,14.583999633789062,1
12213,14.479000091552734,1
12214,13.189000129699707,1
12215,11.802000045776367,1
12216,11.626999855041504,1
12217,10.708000183105469,1
12218,8.63700008392334,1
12228,7.0960001945495605,1
12229,11.027999877929688,1
12230,11.027999877929688,1
12231,11.027999877929688,1
12232,11.208999633789062,1
12233,12.925999641418457,1
12234,13.206999778747559,1
12235,14.583999633789062,1
12236,14.583999633789062,1
12237,14.583999633789062,1
12238,14.583999633789062,1
12239,14.583999633789062,1
12240,14.583999633789062,1
12241,14.583999633789062,1
12242,14.479000091552734,1
12243,13.189000129699707,1
12244,12.008999824523926,1
12245,11.626999855041504,1
12246,10.708000183105469,1
12247,8.63700008392334,1
12259,7.59499979019165,1
12260,8.66100025177002,1
12261,10.092000007629395,1
12262,12.925999641418457,1
12263,13.206999778747559,1
12264,13.206999778747559,1
12265,13.206999778747559,1
12266,13.189000129699707,1
12267,13.189000129699707,1
12268,14.074999809265137,1
12269,14.074999809265137,1
12270,14.074999809265137,1
12271,14.074999809265137,1
12272,13.043000221252441,1
12273,12.008999824523926,1
12274,11.626999855041504,1
12275,10.708000183105469,1
12276,8.14799976348877,1
12290,7.909999847412109,1
12291,10.833999633789062,1
12292,10.833999633789062,1
12293,11.104000091552734,1
12294,11.187000274658203,1
12295,11.187000274658203,1
12296,11.187000274658203,1
12297,11.758999824523926,1
12298,12.647000312805176,1
12299,12.647000312805176,1
12300,12.647000312805176,1
12301,12.369000434875488,1
12302,12.008999824523926,1
12303,11.38700008392334,1
12304,10.543999671936035,1
12305,6.607999801635742,1
12323,6.107999801635742,1
12324,6.78000020980835,1
12325,7.794000148773193,1
12326,8.380000114440918,1
12328,12.369000434875488,1
12329,12.369000434875488,1
12330,12.369000434875488,1
12331,10.862000465393066,1
12332,10.862000465393066,1
12333,10.472999572753906,1
12355,6.863999843597412,1
12356,8.71500015258789,1
12357,8.71500015258789,1
12358,8.71500015258789,1
12359,8.595999717712402,1
12360,8.595999717712402,1
12361,8.258000373840332,1
12362,8.07800006866455,1
12528,6.103000164031982,1
12529,7.020999908447266,1
12530,7.020999908447266,1
12531,7.020999908447266,1
12532,6.394000053405762,1
12533,6.394000053405762,1
12556,8.517000198364258,1
12557,8.517000198364258,1
12558,8.517000198364258,1
12559,8.291999816894531,1
12560,8.15999984741211,1
12561,8.15999984741211,1
12562,7.020999908447266,1
12588,8.579000473022461,1
12589,8.579000473022461,1
12590,8.15999984741211,1
12591,7.020999908447266,1
12592,6.324999809265137,1
12617,9.562000274658203,1
12618,9.562000274658203,1
12619,9.362000465393066,1
12620,8.15999984741211,1
12621,8.15999984741211,1
12641,8.038999557495117,1
12646,10.133000373840332,1
12647,10.133000373840332,1
12648,10.133000373840332,1
12649,8.579000473022461,1
12650,8.15999984741211,1
12669,7.104000091552734,1
12670,8.104000091552734,1
12675,12.059000015258789,1
12676,11.847000122070312,1
12677,11.47599983215332,1
12678,10.055000305175781,1
12679,8.838000297546387,1
12692,7.247000217437744,1
12693,7.645999908447266,1
12694,8.902000427246094,1
12695,9.239999771118164,1
12696,9.239999771118164,1
12697,9.807000160217285,1
12698,11.38599967956543,1
12699,12.677000045776367,1
12704,12.277999877929688,1
12705,12.277999877929688,1
12706,11.47599983215332,1
12707,11.123000144958496,1
12708,10.29800033569336,1
12709,8.977999687194824,1
12720,10.553999900817871,1
12721,12.019000053405762,1
12723,13.430999755859375,1
12724,13.430999755859375,1
12725,14.003000259399414,1
12726,14.003000259399414,1
12727,14.003000259399414,1
12728,14.46500015258789,1
12732,13.109000205993652,1
12733,13.109000205993652,1
12734,13.109000205993652,1
12735,12.729000091552734,1
12736,12.220999717712402,1
12737,10.925999641418457,1
12738,10.013999938964844,1
12739,7.823999881744385,1
12748,8.28499984741211,1
12749,10.553999900817871,1
12750,13.77400016784668,1
12751,13.77400016784668,1
12752,13.9399995803833,1
12753,14.270000457763672,1
12754,14.782999992370605,1
12755,14.782999992370605,1
12756,14.782999992370605,1
12757,14.520999908447266,1
12758,14.46500015258789,1
12759,14.468999862670898,1
12760,14.468999862670898,1
12761,14.468999862670898,1
12762,13.847000122070312,1
12763,13.588000297546387,1
12764,13.041999816894531,1
12765,12.277999877929688,1
12766,11.109000205993652,1
12767,10.013999938964844,1
12768,8.208999633789062,1
12777,8.28499984741211,1
12778,10.553999900817871,1
12779,13.77400016784668,1
12780,14.253000259399414,1
12781,14.253000259399414,1
12782,14.270000457763672,1
12783,14.782999992370605,1
12784,14.782999992370605,1
12785,14.782999992370605,1
12786,14.520999908447266,1
12787,14.782999992370605,1
12788,14.782999992370605,1
12789,14.782999992370605,1
12790,14.520999908447266,1
12791,14.270000457763672,1
12792,14.270000457763672,1
12793,13.88599967956543,1
12794,12.76200008392334,1
12795,11.668999671936035,1
12796,10.013999938964844,1
12797,8.987000465393066,1
12798,8.175999641418457,1
12806,8.28499984741211,1
12807,10.123000144958496,1
12808,13.77400016784668,1
12809,14.253000259399414,1
12810,14.253000259399414,1
12811,14.782999992370605,1
12812,14.782999992370605,1
12813,14.782999992370605,1
12814,14.782999992370605,1
12815,14.520999908447266,1
12816,14.782999992370605,1
12817,14.782999992370605,1
12818,14.782999992370605,1
12819,14.520999908447266,1
12820,14.270000457763672,1
12821,14.270000457763672,1
12822,13.88599967956543,1
12823,12.83899974822998,1
12824,11.88700008392334,1
12825,10.060999870300293,1
12826,8.998000144958496,1
12827,8.638999938964844,1
12835,7.9039998054504395,1
12836,11.925000190734863,1
12837,14.46500015258789,1
12838,14.46500015258789,1
12839,14.46500015258789,1
12840,14.782999992370605,1
12841,14.782999992370605,1
12842,14.782999992370605,1
12843,14.583999633789062,1
12844,14.583999633789062,1
12845,14.782999992370605,1
12846,14.782999992370605,1
12847,14.782999992370605,1
12848,14.520999908447266,1
12849,14.270000457763672,1
12850,14.270000457763672,1
12851,13.88599967956543,1
12852,12.83899974822998,1
12853,11.88700008392334,1
12854,10.182000160217285,1
12855,10.03600025177002,1
12856,8.638999938964844,1
12864,7.192999839782715,1
12865,11.925000190734863,1
12866,14.46500015258789,1
12867,14.46500015258789,1
12868,14.46500015258789,1
12869,14.782999992370605,1
12870,14.782999992370605,1
12871,14.782999992370605,1
12872,14.583999633789062,1
12873,14.583999633789062,1
12874,14.583999633789062,1
12875,14.479000091552734,1
12876,14.468999862670898,1
12877,14.583999633789062,1
12878,14.583999633789062,1
12879,14.583999633789062,1
12880,14.479000091552734,1
12881,13.189000129699707,1
12882,11.88700008392334,1
12883,10.763999938964844,1
12884,10.472999572753906,1
12885,9.576000213623047,1
12894,11.925000190734863,1
12895,14.46500015258789,1
12896,14.46500015258789,1
12897,14.46500015258789,1
12898,14.086000442504883,1
12899,13.206999778747559,1
12900,13.206999778747559,1
12901,14.583999633789062,1
12902,14.583999633789062,1
12903,14.583999633789062,1
12904,14.479000091552734,1
12905,14.074999809265137,1
12906,14.583999633789062,1
12907,14.583999633789062,1
12908,14.583999633789062,1
12909,14.479000091552734,1
12910,13.189000129699707,1
12911,11.734999656677246,1
12912,11.626999855041504,1
12913,10.708000183105469,1
12914,9.96399974822998,1
12923,7.557000160217285,1
12924,11.91100025177002,1
12925,13.206999778747559,1
12926,13.206999778747559,1
12927,13.206999778747559,1
12928,12.380000114440918,1
12929,12.925999641418457,1
12930,13.206999778747559,1
12931,13.206999778747559,1
12932,14.074999809265137,1
12933,14.074999809265137,1
12934,14.074999809265137,1
12935,14.583999633789062,1
12936,14.583999633789062,1
12937,14.583999633789062,1
12938,14.479000091552734,1
12939,13.189000129699707,1
12940,11.734999656677246,1
12941,11.626999855041504,1
12942,10.708000183105469,1
12943,9.96399974822998,1
12953,6.425000190734863,1
12954,7.318999767303467,1
12955,9.394000053405762,1
12956,11.21500015258789,1
12957,11.888999938964844,1
12958,12.925999641418457,1
12959,13.206999778747559,1
12960,13.206999778747559,1
12961,13.206999778747559,1
12962,11.95199966430664,1
12963,12.90999984741211,1
12964,13.144000053405762,1
12965,14.074999809265137,1
12966,14.074999809265137,1
12967,14.074999809265137,1
12968,13.043000221252441,1
12969,11.734999656677246,1
12970,11.626999855041504,1
12971,10.708000183105469,1
12972,9.96399974822998,1
12983,6.103000164031982,1
12984,6.642000198364258,1
12985,6.642000198364258,1
12986,8.71500015258789,1
12987,10.833999633789062,1
12988,10.833999633789062,1
12989,10.833999633789062,1
12990,10.76200008392334,1
12991,10.036999702453613,1
12992,11.187000274658203,1
12993,11.187000274658203,1
12994,12.647000312805176,1
12995,12.647000312805176,1
12996,12.647000312805176,1
12997,12.104999542236328,1
12998,11.53600025177002,1
12999,11.38700008392334,1
13000,10.543999671936035,1
13001,6.2170000076293945,1
13020,6.076000213623047,1
13021,7.794000148773193,1
13022,8.378000259399414,1
13023,10.050999641418457,1
13024,11.354999542236328,1
13025,11.354999542236328,1
13026,11.354999542236328,1
13027,10.862000465393066,1
13028,10.862000465393066,1
13029,10.472999572753906,1
13051,6.863999843597412,1
13052,8.71500015258789,1
13053,8.71500015258789,1
13054,8.71500015258789,1
13055,7.427999973297119,1
13056,8.07800006866455,1
13057,8.07800006866455,1
13058,8.07800006866455,1
13227,6.394000053405762,1
13228,6.394000053405762,1
13229,6.394000053405762,1
13256,7.020999908447266,1
13257,7.020999908447266,1
13258,7.020999908447266,1
13283,7.008999824523926,1
13284,7.008999824523926,1
13285,7.020999908447266,1
13286,7.020999908447266,1
13287,7.020999908447266,1
13288,6.324999809265137,1
13313,7.830999851226807,1
13314,7.830999851226807,1
13315,8.15999984741211,1
13316,8.15999984741211,1
13317,8.15999984741211,1
13342,9.350000381469727,1
13343,9.350000381469727,1
13344,8.579000473022461,1
13345,8.579000473022461,1
13346,8.15999984741211,1
13371,10.206000328063965,1
13372,10.206000328063965,1
13373,10.206000328063965,1
13374,9.562000274658203,1
13375,8.15999984741211,1
13388,7.247000217437744,1
13389,7.645999908447266,1
13390,7.645999908447266,1
13391,7.645999908447266,1
13392,7.11899995803833,1
13400,11.66100025177002,1
13401,10.9399995803833,1
13402,10.784000396728516,1
13403,10.51200008392334,1
13404,9.28600025177002,1
13405,8.977999687194824,1
13416,10.553999900817871,1
13417,12.019000053405762,1
13428,12.265000343322754,1
13429,12.059000015258789,1
13430,12.059000015258789,1
13431,12.059000015258789,1
13432,11.401000022888184,1
13433,10.815999984741211,1
13434,10.013999938964844,1
13435,7.823999881744385,1
13444,7.046999931335449,1
13445,10.553999900817871,1
13446,13.77400016784668,1
13447,13.77400016784668,1
13448,13.9399995803833,1
13449,13.9399995803833,1
13450,13.9399995803833,1
13455,14.003000259399414,1
13456,14.003000259399414,1
13457,13.246999740600586,1
13458,13.246999740600586,1
13459,12.640000343322754,1
13460,12.491999626159668,1
13461,12.208000183105469,1
13462,11.109000205993652,1
13463,10.013999938964844,1
13464,8.656000137329102,1
13473,7.046999931335449,1
13474,10.553999900817871,1
13475,13.77400016784668,1
13476,14.253000259399414,1
13477,14.253000259399414,1
13478,14.253000259399414,1
13479,14.003000259399414,1
13480,14.003000259399414,1
13481,13.76200008392334,1
13482,14.253000259399414,1
13483,14.782999992370605,1
13484,14.782999992370605,1
13485,14.782999992370605,1
13486,14.520999908447266,1
13487,14.270000457763672,1
13488,14.270000457763672,1
13489,13.88599967956543,1
13490,12.76200008392334,1
13491,11.668999671936035,1
13492,10.013999938964844,1
13493,8.987000465393066,1
13494,8.175999641418457,1
13502,7.192999839782715,1
13503,10.123000144958496,1
13504,14.003000259399414,1
13505,14.253000259399414,1
13506,14.253000259399414,1
13507,14.782999992370605,1
13508,14.782999992370605,1
13509,14.782999992370605,1
13510,14.520999908447266,1
13511,14.253000259399414,1
13512,14.782999992370605,1
13513,14.782999992370605,1
13514,14.782999992370605,1
13515,14.520999908447266,1
13516,14.270000457763672,1
13517,14.270000457763672,1
13518,13.88599967956543,1
13519,13.029999732971191,1
13520,13.029999732971191,1
13521,10.060999870300293,1
13522,8.998000144958496,1
13523,8.638999938964844,1
13531,7.192999839782715,1
13532,11.925000190734863,1
13533,14.782999992370605,1
13534,14.782999992370605,1
13535,14.782999992370605,1
13536,14.782999992370605,1
13537,14.782999992370605,1
13538,14.782999992370605,1
13539,14.583999633789062,1
13540,14.583999633789062,1
13541,14.782999992370605,1
13542,14.782999992370605,1
13543,14.782999992370605,1
13544,14.520999908447266,1
13545,14.270000457763672,1
13546,14.270000457763672,1
13547,13.88599967956543,1
13548,13.029999732971191,1
13549,13.029999732971191,1
13550,10.182000160217285,1
13551,10.03600025177002,1
13552,8.638999938964844,1
13553,7.171999931335449,1
13560,7.192999839782715,1
13561,11.925000190734863,1
13562,14.782999992370605,1
13563,14.782999992370605,1
13564,14.782999992370605,1
13565,14.782999992370605,1
13566,14.782999992370605,1
13567,14.782999992370605,1
13568,14.583999633789062,1
13569,14.583999633789062,1
13570,14.782999992370605,1
13571,14.782999992370605,1
13572,14.782999992370605,1
13573,14.583999633789062,1
13574,14.583999633789062,1
13575,14.583999633789062,1
13576,14.479000091552734,1
13577,13.189000129699707,1
13578,13.029999732971191,1
13579,11.626999855041504,1
13580,11.237000465393066,1
13581,9.576000213623047,1
13582,7.321000099182129,1
13589,6.459000110626221,1
13590,11.925000190734863,1
13591,14.782999992370605,1
13592,14.782999992370605,1
13593,14.782999992370605,1
13594,14.520999908447266,1
13595,14.270000457763672,1
13596,14.46500015258789,1
13597,14.583999633789062,1
13598,14.583999633789062,1
13599,14.782999992370605,1
13600,14.782999992370605,1
13601,14.782999992370605,1
13602,14.583999633789062,1
13603,14.583999633789062,1
13604,14.583999633789062,1
13605,14.479000091552734,1
13606,13.189000129699707,1
13607,12.90999984741211,1
13608,11.626999855041504,1
13609,11.237000465393066,1
13610,9.96399974822998,1
13611,7.321000099182129,1
13618,6.459000110626221,1
13619,9.210000038146973,1
13620,12.925999641418457,1
13624,12.77299976348877,1
13625,14.46500015258789,1
13626,14.46500015258789,1
13627,14.46500015258789,1
13628,14.086000442504883,1
13629,12.944999694824219,1
13630,12.944999694824219,1
13631,14.583999633789062,1
13632,14.583999633789062,1
13633,14.583999633789062,1
13634,14.479000091552734,1
13635,13.189000129699707,1
13636,12.625,1
13637,11.626999855041504,1
13638,11.237000465393066,1
13639,9.96399974822998,1
13640,7.321000099182129,1
13648,7.048999786376953,1
13649,8.586999893188477,1
13653,12.77299976348877,1
13654,12.925999641418457,1
13655,12.925999641418457,1
13656,12.925999641418457,1
13657,12.906000137329102,1
13658,10.656999588012695,1
13659,10.60099983215332,1
13660,13.144000053405762,1
13661,14.074999809265137,1
13662,14.074999809265137,1
13663,14.074999809265137,1
13664,13.043000221252441,1
13665,12.487000465393066,1
13666,11.626999855041504,1
13667,10.708000183105469,1
13668,9.96399974822998,1
13679,6.243000030517578,1
13680,7.468999862670898,1
13681,7.468999862670898,1
13682,8.71500015258789,1
13683,10.833999633789062,1
13684,10.833999633789062,1
13685,10.833999633789062,1
13686,8.59000015258789,1
13687,7.302999973297119,1
13688,8.970999717712402,1
13689,9.67300033569336,1
13690,11.04800033569336,1
13691,11.654000282287598,1
13692,11.654000282287598,1
13693,11.654000282287598,1
13694,11.53600025177002,1
13695,11.38700008392334,1
13696,10.543999671936035,1
13717,6.473999977111816,1
13718,7.034999847412109,1
13719,9.312000274658203,1
13720,11.354999542236328,1
13721,11.354999542236328,1
13722,11.354999542236328,1
13723,10.862000465393066,1
13724,10.862000465393066,1
13725,10.472999572753906,1
13748,7.175000190734863,1
13749,7.175000190734863,1
13750,7.175000190734863,1
13751,7.427999973297119,1
13752,7.427999973297119,1
13753,7.427999973297119,1
13980,6.142000198364258,1
13981,6.142000198364258,1
13982,6.142000198364258,1
14008,7.10699987411499,1
14009,7.10699987411499,1
14010,7.10699987411499,1
14011,6.394000053405762,1
14012,6.394000053405762,1
14037,7.589000225067139,1
14038,7.348999977111816,1
14039,7.348999977111816,1
14040,7.020999908447266,1
14041,7.020999908447266,1
14042,6.561999797821045,1
14066,7.589000225067139,1
14067,8.118000030517578,1
14068,8.118000030517578,1
14069,8.118000030517578,1
14070,7.830999851226807,1
14071,6.561999797821045,1
14094,10.710000038146973,1
14095,9.50100040435791,1
14096,9.362000465393066,1
14097,9.362000465393066,1
14098,8.743000030517578,1
14099,8.743000030517578,1
14100,8.743000030517578,1
14101,7.419000148773193,1
14112,8.956000328063965,1
14113,8.956000328063965,1
14123,10.710000038146973,1
14124,10.506999969482422,1
14125,10.513999938964844,1
14126,10.513999938964844,1
14127,10.513999938964844,1
14128,10.013999938964844,1
14129,10.013999938964844,1
14130,10.013999938964844,1
14131,7.823999881744385,1
14132,6.061999797821045,1
14141,10.123000144958496,1
14142,13.234000205993652,1
14143,13.234000205993652,1
14151,12.319999694824219,1
14152,11.765999794006348,1
14153,11.765999794006348,1
14154,10.986000061035156,1
14155,10.932999610900879,1
14156,10.932999610900879,1
14157,10.810999870300293,1
14158,10.810999870300293,1
14159,10.013999938964844,1
14160,8.656000137329102,1
14161,7.533999919891357,1
14169,6.466000080108643,1
14170,10.123000144958496,1
14171,13.611000061035156,1
14172,13.611000061035156,1
14174,14.003000259399414,1
14175,14.003000259399414,1
14176,14.003000259399414,1
14177,13.76200008392334,1
14178,13.430999755859375,1
14179,13.430999755859375,1
14180,13.463000297546387,1
14181,13.463000297546387,1
14182,13.463000297546387,1
14183,12.906999588012695,1
14184,12.366999626159668,1
14185,12.10200023651123,1
14186,11.79699993133545,1
14187,10.944000244140625,1
14188,10.013999938964844,1
14189,8.866000175476074,1
14190,8.175999641418457,1
14198,7.192999839782715,1
14199,10.123000144958496,1
14200,14.003000259399414,1
14201,14.003000259399414,1
14202,14.003000259399414,1
14203,14.782999992370605,1
14204,14.782999992370605,1
14205,14.782999992370605,1
14206,14.520999908447266,1
14207,14.253000259399414,1
14208,14.253000259399414,1
14209,14.468999862670898,1
14210,14.468999862670898,1
14211,14.468999862670898,1
14212,13.847000122070312,1
14213,13.588000297546387,1
14214,13.189000129699707,1
14215,13.029999732971191,1
14216,13.029999732971191,1
14217,10.072999954223633,1
14218,9.0,1
14219,8.638999938964844,1
14220,7.216000080108643,1
14221,7.216000080108643,1
14227,7.192999839782715,1
14228,11.925000190734863,1
14229,14.782999992370605,1
14230,14.782999992370605,1
14231,14.782999992370605,1
14232,14.782999992370605,1
14233,14.782999992370605,1
14234,14.782999992370605,1
14235,14.782999992370605,1
14236,14.782999992370605,1
14237,14.782999992370605,1
14238,14.782999992370605,1
14239,14.782999992370605,1
14240,14.583999633789062,1
14244,13.029999732971191,1
14245,13.029999732971191,1
14246,10.506999969482422,1
14247,10.03600025177002,1
14248,8.638999938964844,1
14249,7.974999904632568,1
14250,7.216000080108643,1
14256,7.192999839782715,1
14257,11.925000190734863,1
14258,14.782999992370605,1
14259,14.782999992370605,1
14263,14.782999992370605,1
14264,14.782999992370605,1
14265,14.782999992370605,1
14266,14.782999992370605,1
14267,14.782999992370605,1
14268,14.782999992370605,1
14269,14.583999633789062,1
14273,13.029999732971191,1
14274,13.029999732971191,1
14275,11.626999855041504,1
14276,11.237000465393066,1
14277,9.576000213623047,1
14278,7.974999904632568,1
14279,7.216000080108643,1
14285,6.459000110626221,1
14286,11.925000190734863,1
14287,14.782999992370605,1
14288,14.782999992370605,1
14292,14.782999992370605,1
14293,14.782999992370605,1
14294,14.782999992370605,1
14295,14.782999992370605,1
14296,14.782999992370605,1
14297,14.782999992370605,1
14298,14.583999633789062,1
14302,12.90999984741211,1
14303,12.90999984741211,1
14304,11.626999855041504,1
14305,11.237000465393066,1
14306,9.96399974822998,1
14307,7.974999904632568,1
14314,6.459000110626221,1
14315,9.210000038146973,1
14316,12.925999641418457,1
14321,14.46500015258789,1
14322,14.46500015258789,1
14323,14.46500015258789,1
14324,14.086000442504883,1
14325,13.119999885559082,1
14326,12.928999900817871,1
14327,12.625,1
14328,12.744000434875488,1
14329,12.744000434875488,1
14330,12.744000434875488,1
14331,12.625,1
14332,12.625,1
14333,11.626999855041504,1
14334,11.237000465393066,1
14335,9.96399974822998,1
14336,7.321000099182129,1
14344,7.269999980926514,1
14345,9.970999717712402,1
14350,12.77299976348877,1
14351,12.77299976348877,1
14352,12.013999938964844,1
14353,10.748000144958496,1
14354,9.359000205993652,1
14355,10.520000457763672,1
14356,11.875,1
14357,12.234999656677246,1
14358,12.29699993133545,1
14359,12.487000465393066,1
14360,12.487000465393066,1
14361,12.487000465393066,1
14362,11.38700008392334,1
14363,10.60099983215332,1
14364,9.96399974822998,1
14375,6.855000019073486,1
14376,7.468999862670898,1
14377,7.468999862670898,1
14378,8.71500015258789,1
14379,8.822999954223633,1
14380,8.822999954223633,1
14381,8.822999954223633,1
14382,8.177000045776367,1
14383,6.736000061035156,1
14384,7.146999835968018,1
14385,9.64799976348877,1
14386,10.682000160217285,1
14387,10.682000160217285,1
14388,11.472999572753906,1
14389,11.472999572753906,1
14390,11.472999572753906,1
14391,10.520000457763672,1
14392,9.960000038146973,1
14414,6.394000053405762,1
14415,8.366999626159668,1
14416,8.366999626159668,1
14417,8.366999626159668,1
14418,8.303000450134277,1
14419,8.303000450134277,1
14420,7.421999931335449,1
14445,6.241000175476074,1
14446,6.241000175476074,1
14447,6.241000175476074,1
14795,7.419000148773193,1
14796,7.419000148773193,1
14797,7.419000148773193,1
14809,7.769999980926514,1
14819,7.320000171661377,1
14820,6.419000148773193,1
14821,7.090000152587891,1
14822,7.090000152587891,1
14823,8.008999824523926,1
14824,8.51200008392334,1
14825,8.51200008392334,1
14826,8.51200008392334,1
14827,7.869999885559082,1
14828,6.859000205993652,1
14837,8.918999671936035,1
14838,10.574999809265137,1
14847,10.854000091552734,1
14848,10.854000091552734,1
14849,10.380000114440918,1
14850,10.04699993133545,1
14851,9.102999687194824,1
14852,9.28600025177002,1
14853,9.28600025177002,1
14854,9.28600025177002,1
14855,9.119000434875488,1
14856,8.656000137329102,1
14857,7.533999919891357,1
14865,6.466000080108643,1
14866,9.914999961853027,1
14867,13.338000297546387,1
14868,13.467000007629395,1
14873,13.430999755859375,1
14874,13.430999755859375,1
14875,13.430999755859375,1
14876,13.338000297546387,1
14877,13.338000297546387,1
14878,12.670999526977539,1
14879,10.538999557495117,1
14880,10.906999588012695,1
14881,10.906999588012695,1
14882,10.906999588012695,1
14883,10.39799976348877,1
14884,9.376999855041504,1
14885,8.866000175476074,1
14886,8.079000473022461,1
14887,7.4770002365112305,1
14888,7.4770002365112305,1
14894,6.466000080108643,1
14895,9.914999961853027,1
14896,14.003000259399414,1
14897,14.003000259399414,1
14898,14.003000259399414,1
14899,14.583999633789062,1
14900,14.583999633789062,1
14901,14.583999633789062,1
14902,14.479000091552734,1
14903,14.253000259399414,1
14904,14.253000259399414,1
14905,14.003000259399414,1
14906,14.003000259399414,1
14907,13.911999702453613,1
14911,13.029999732971191,1
14912,13.029999732971191,1
14913,10.072999954223633,1
14914,9.0,1
14915,8.159000396728516,1
14916,7.4770002365112305,1
14917,7.4770002365112305,1
14923,6.466000080108643,1
14924,11.65999984741211,1
14925,14.782999992370605,1
14926,14.782999992370605,1
14927,14.782999992370605,1
14928,14.583999633789062,1
14929,14.583999633789062,1
14930,14.782999992370605,1
14931,14.782999992370605,1
14932,14.782999992370605,1
14933,14.782999992370605,1
14934,14.782999992370605,1
14935,14.782999992370605,1
14941,13.029999732971191,1
14942,10.506999969482422,1
14943,9.96399974822998,1
14944,9.08899974822998,1
14945,9.08899974822998,1
14946,7.4770002365112305,1
14952,6.459000110626221,1
14953,11.65999984741211,1
14954,14.782999992370605,1
14955,14.782999992370605,1
14959,14.782999992370605,1
14960,14.782999992370605,1
14961,14.782999992370605,1
14962,14.782999992370605,1
14963,14.782999992370605,1
14964,14.782999992370605,1
14970,13.029999732971191,1
14971,11.626999855041504,1
14972,11.237000465393066,1
14973,9.506999969482422,1
14974,9.08899974822998,1
14975,7.447999954223633,1
14981,6.459000110626221,1
14982,11.65999984741211,1
14983,14.782999992370605,1
14984,14.782999992370605,1
14988,14.782999992370605,1
14989,14.782999992370605,1
14990,14.782999992370605,1
14991,14.782999992370605,1
14992,14.782999992370605,1
14993,14.782999992370605,1
14999,12.90999984741211,1
15000,11.626999855041504,1
15001,11.237000465393066,1
15002,9.506999969482422,1
15003,9.08899974822998,1
15004,6.0929999351501465,1
15010,6.459000110626221,1
15011,9.210000038146973,1
15012,12.925999641418457,1
15017,14.46500015258789,1
15018,14.46500015258789,1
15019,14.46500015258789,1
15020,14.086000442504883,1
15021,13.119999885559082,1
15022,12.928999900817871,1
15023,12.369000434875488,1
15024,12.369000434875488,1
15025,12.369000434875488,1
15026,12.625,1
15027,12.625,1
15028,12.625,1
15029,11.626999855041504,1
15030,11.237000465393066,1
15031,9.506999969482422,1
15032,7.321000099182129,1
15040,7.269999980926514,1
15041,9.970999717712402,1
15046,12.77299976348877,1
15047,12.77299976348877,1
15048,10.869000434875488,1
15049,9.314000129699707,1
15050,8.449999809265137,1
15051,10.322999954223633,1
15052,11.343000411987305,1
15053,11.343000411987305,1
15054,12.29699993133545,1
15055,12.487000465393066,1
15056,12.487000465393066,1
15057,12.487000465393066,1
15058,11.38700008392334,1
15059,10.60099983215332,1
15071,6.855000019073486,1
15072,7.468999862670898,1
15073,7.468999862670898,1
15074,7.558000087738037,1
15075,7.558000087738037,1
15076,7.558000087738037,1
15077,7.2729997634887695,1
15081,6.13100004196167,1
15082,8.232999801635742,1
15083,8.288999557495117,1
15084,9.461000442504883,1
15085,9.661999702453613,1
15086,9.661999702453613,1
15087,9.661999702453613,1
15088,8.645000457763672,1
15111,6.382999897003174,1
15112,6.382999897003174,1
15113,6.382999897003174,1
15114,6.419000148773193,1
15115,6.419000148773193,1
15116,6.419000148773193,1
15506,6.861999988555908,1
15507,7.02400016784668,1
15508,7.02400016784668,1
15509,7.02400016784668,1
15510,6.064000129699707,1
15520,8.149999618530273,1
15521,8.149999618530273,1
15522,8.149999618530273,1
15523,7.869999885559082,1
15524,7.710000038146973,1
15533,6.545000076293945,1
15534,7.361999988555908,1
15535,8.121000289916992,1
15536,8.121000289916992,1
15537,10.817000389099121,1
15538,10.817000389099121,1
15539,10.817000389099121,1
15543,7.110000133514404,1
15546,6.434000015258789,1
15547,7.3520002365112305,1
15548,7.3520002365112305,1
15549,9.119000434875488,1
15550,9.119000434875488,1
15551,9.119000434875488,1
15552,8.335000038146973,1
15553,7.710000038146973,1
15554,6.061999797821045,1
15561,6.466000080108643,1
15562,8.312000274658203,1
15563,11.725000381469727,1
15564,12.440999984741211,1
15565,12.440999984741211,1
15566,12.470000267028809,1
15567,12.470000267028809,1
15568,12.470000267028809,1
15569,12.038000106811523,1
15570,12.038000106811523,1
15571,12.038000106811523,1
15572,11.425999641418457,1
15573,11.425999641418457,1
15574,11.425999641418457,1
15575,9.378999710083008,1
15576,10.031999588012695,1
15577,10.031999588012695,1
15578,10.031999588012695,1
15579,9.960000038146973,1
15580,9.17300033569336,1
15581,8.866000175476074,1
15582,8.298999786376953,1
15583,7.4770002365112305,1
15584,7.4770002365112305,1
15590,6.466000080108643,1
15591,8.881999969482422,1
15592,11.878000259399414,1
15593,13.586999893188477,1
15594,13.586999893188477,1
15595,13.586999893188477,1
15596,13.067000389099121,1
15597,14.003000259399414,1
15598,14.003000259399414,1
15599,14.003000259399414,1
15600,13.480999946594238,1
15601,13.480999946594238,1
15602,13.480999946594238,1
15608,10.810999870300293,1
15609,10.072999954223633,1
15610,9.0,1
15611,8.298999786376953,1
15612,7.974999904632568,1
15613,7.4770002365112305,1
15619,6.466000080108643,1
15620,9.204000473022461,1
15622,13.586999893188477,1
15623,13.586999893188477,1
15624,13.586999893188477,1
15625,13.77400016784668,1
15626,14.782999992370605,1
15627,14.782999992370605,1
15628,14.782999992370605,1
15629,14.583999633789062,1
15630,14.583999633789062,1
15637,11.237000465393066,1
15638,10.506999969482422,1
15639,9.96399974822998,1
15640,9.08899974822998,1
15641,9.08899974822998,1
15642,7.4770002365112305,1
15649,9.204000473022461,1
15655,14.782999992370605,1
15656,14.782999992370605,1
15657,14.782999992370605,1
15658,14.583999633789062,1
15659,14.583999633789062,1
15666,11.53600025177002,1
15667,11.53600025177002,1
15668,11.090999603271484,1
15669,9.08899974822998,1
15670,9.08899974822998,1
15671,7.447999954223633,1
15678,9.204000473022461,1
15684,14.782999992370605,1
15685,14.782999992370605,1
15686,14.782999992370605,1
15687,14.583999633789062,1
15688,14.583999633789062,1
15695,11.53600025177002,1
15696,11.53600025177002,1
15697,11.090999603271484,1
15698,9.08899974822998,1
15699,9.08899974822998,1
15700,6.0929999351501465,1
15707,7.269999980926514,1
15715,13.119999885559082,1
15716,13.119999885559082,1
15717,13.119999885559082,1
15718,12.928999900817871,1
15723,12.345000267028809,1
15724,11.53600025177002,1
15725,11.53600025177002,1
15726,11.090999603271484,1
15727,6.882999897003174,1
15728,6.882999897003174,1
15736,7.269999980926514,1
15737,9.970999717712402,1
15742,9.26099967956543,1
15743,9.26099967956543,1
15744,7.8470001220703125,1
15745,7.506999969482422,1
15746,7.409999847412109,1
15747,7.958000183105469,1
15748,9.888999938964844,1
15749,10.486000061035156,1
15750,11.126999855041504,1
15751,11.472999572753906,1
15752,11.472999572753906,1
15753,11.472999572753906,1
15754,11.38700008392334,1
15755,9.847999572753906,1
15767,6.855000019073486,1
15768,6.855000019073486,1
15769,6.855000019073486,1
15778,6.468999862670898,1
15779,7.284999847412109,1
15780,7.53000020980835,1
15781,8.788000106811523,1
15782,8.788000106811523,1
15783,8.788000106811523,1
15809,6.169000148773193,1
15810,6.169000148773193,1
15811,6.169000148773193,1
16217,7.869999885559082,1
16218,7.869999885559082,1
16219,7.869999885559082,1
16220,7.710000038146973,1
16233,6.416999816894531,1
16234,6.416999816894531,1
16235,6.416999816894531,1
16236,6.98199987411499,1
16237,6.98199987411499,1
16238,6.98199987411499,1
16245,8.1899995803833,1
16246,8.335000038146973,1
16247,8.335000038146973,1
16248,8.335000038146973,1
16249,7.710000038146973,1
16250,6.960999965667725,1
16258,8.312000274658203,1
16259,8.340999603271484,1
16260,8.340999603271484,1
16261,8.340999603271484,1
16262,10.357999801635742,1
16263,10.357999801635742,1
16264,10.357999801635742,1
16265,9.800000190734863,1
16266,9.800000190734863,1
16267,9.800000190734863,1
16268,7.804999828338623,1
16271,9.192000389099121,1
16272,9.192000389099121,1
16273,9.192000389099121,1
16274,8.746999740600586,1
16275,8.807999610900879,1
16276,8.807999610900879,1
16277,8.807999610900879,1
16278,8.298999786376953,1
16279,7.4770002365112305,1
16280,7.4770002365112305,1
16287,8.312000274658203,1
16288,11.013999938964844,1
16289,11.067999839782715,1
16290,11.067999839782715,1
16291,11.067999839782715,1
16292,10.357999801635742,1
16293,11.074000358581543,1
16294,11.088000297546387,1
16295,11.125,1
16296,11.125,1
16297,11.125,1
16298,10.892999649047852,1
16304,10.701000213623047,1
16305,9.619999885559082,1
16306,8.942000389099121,1
16307,8.298999786376953,1
16308,7.974999904632568,1
16309,7.4770002365112305,1
16316,8.312000274658203,1
16317,11.013999938964844,1
16318,11.067999839782715,1
16319,11.067999839782715,1
16320,11.067999839782715,1
16321,12.498000144958496,1
16322,12.751999855041504,1
16323,12.751999855041504,1
16324,12.751999855041504,1
16325,11.958000183105469,1
16326,11.319999694824219,1
16333,11.090999603271484,1
16334,10.3149995803833,1
16335,9.211000442504883,1
16336,9.08899974822998,1
16337,9.08899974822998,1
16338,7.4770002365112305,1
16345,6.974999904632568,1
16346,11.013999938964844,1
16347,11.067999839782715,1
16351,12.751999855041504,1
16352,12.751999855041504,1
16353,12.751999855041504,1
16354,11.958000183105469,1
16355,11.319999694824219,1
16362,11.090999603271484,1
16363,10.3149995803833,1
16364,9.211000442504883,1
16365,9.08899974822998,1
16366,9.08899974822998,1
16367,7.447999954223633,1
16375,6.861999988555908,1
16376,8.321999549865723,1
16380,12.751999855041504,1
16381,12.751999855041504,1
16382,12.751999855041504,1
16383,11.958000183105469,1
16384,11.319999694824219,1
16391,11.472999572753906,1
16392,10.520000457763672,1
16393,9.211000442504883,1
16394,9.08899974822998,1
16395,9.08899974822998,1
16396,6.0929999351501465,1
16404,6.861999988555908,1
16405,8.321999549865723,1
16409,8.684000015258789,1
16410,9.411999702453613,1
16411,9.956999778747559,1
16412,9.956999778747559,1
16413,9.956999778747559,1
16414,10.142000198364258,1
16419,11.52299976348877,1
16420,11.472999572753906,1
16421,10.520000457763672,1
16422,8.121999740600586,1
16423,6.578000068664551,1
16433,6.861999988555908,1
16434,8.321999549865723,1
16441,6.800000190734863,1
16442,7.409999847412109,1
16443,7.958000183105469,1
16444,9.26200008392334,1
16445,10.484000205993652,1
16446,10.70199966430664,1
16447,11.472999572753906,1
16448,11.472999572753906,1
16449,11.472999572753906,1
16450,10.520000457763672,1
16451,7.565000057220459,1
16913,6.513000011444092,1
16914,7.710000038146973,1
16915,7.710000038146973,1
16916,7.710000038146973,1
16942,8.335000038146973,1
16943,8.335000038146973,1
16944,8.335000038146973,1
16945,7.710000038146973,1
16946,7.4770002365112305,1
16967,6.247000217437744,1
16968,6.247000217437744,1
16969,8.149999618530273,1
16970,8.149999618530273,1
16971,8.335000038146973,1
16972,8.335000038146973,1
16973,8.335000038146973,1
16974,8.298999786376953,1
16975,7.4770002365112305,1
16976,7.447999954223633,1
16989,7.14900016784668,1
16990,8.25100040435791,1
16991,8.25100040435791,1
16992,8.25100040435791,1
16993,7.980999946594238,1
16994,7.672999858856201,1
17000,10.21399974822998,1
17001,9.26099967956543,1
17002,8.335000038146973,1
17003,8.298999786376953,1
17004,7.974999904632568,1
17005,7.447999954223633,1
17017,6.333000183105469,1
17018,8.482999801635742,1
17019,8.482999801635742,1
17020,8.906000137329102,1
17021,9.60200023651123,1
17022,9.60200023651123,1
17029,10.21399974822998,1
17030,9.26099967956543,1
17031,8.298999786376953,1
17032,8.298999786376953,1
17033,7.974999904632568,1
17034,7.447999954223633,1
17046,6.333000183105469,1
17047,8.482999801635742,1
17048,8.482999801635742,1
17049,8.906000137329102,1
17050,9.60200023651123,1
17051,9.60200023651123,1
17058,10.21399974822998,1
17059,9.26099967956543,1
17060,8.159000396728516,1
17061,7.974999904632568,1
17062,7.974999904632568,1
17063,7.0929999351501465,1
17075,6.333000183105469,1
17076,8.482999801635742,1
17077,8.482999801635742,1
17078,8.906000137329102,1
17079,9.60200023651123,1
17080,9.60200023651123,1
17087,9.619999885559082,1
17088,9.08899974822998,1
17089,8.159000396728516,1
17090,7.909999847412109,1
17091,7.909999847412109,1
17092,6.053999900817871,1
17105,6.705999851226807,1
17106,6.816999912261963,1
17107,7.624000072479248,1
17108,7.624000072479248,1
17109,8.34000015258789,1
17115,9.619999885559082,1
17116,9.619999885559082,1
17117,8.59000015258789,1
17118,7.839000225067139,1
17119,6.578000068664551,1
17138,7.409999847412109,1
17144,8.654999732971191,1
17145,7.105000019073486,1
17146,7.105000019073486,1
17173,7.264999866485596,1
17610,6.679999828338623,1
17611,6.679999828338623,1
17612,6.679999828338623,1
17638,6.379000186920166,1
17639,7.040999889373779,1
17640,7.4770002365112305,1
17641,7.4770002365112305,1
17642,7.4770002365112305,1
17666,6.513000011444092,1
17667,7.869999885559082,1
17668,7.869999885559082,1
17669,7.869999885559082,1
17670,7.515999794006348,1
17671,7.515999794006348,1
17672,7.447999954223633,1
17687,6.59499979019165,1
17688,6.59499979019165,1
17689,6.59499979019165,1
17690,7.156000137329102,1
17696,8.335000038146973,1
17697,8.335000038146973,1
17698,7.869999885559082,1
17699,7.515999794006348,1
17700,7.515999794006348,1
17701,7.447999954223633,1
17716,7.002999782562256,1
17717,7.002999782562256,1
17718,7.632999897003174,1
17725,9.26099967956543,1
17726,9.08899974822998,1
17727,8.159000396728516,1
17728,7.515999794006348,1
17729,7.515999794006348,1
17730,7.447999954223633,1
17745,7.002999782562256,1
17746,7.002999782562256,1
17747,7.632999897003174,1
17755,9.08899974822998,1
17756,8.159000396728516,1
17757,7.0929999351501465,1
17758,7.0929999351501465,1
17759,7.0929999351501465,1
17774,7.002999782562256,1
17775,7.002999782562256,1
17776,7.632999897003174,1
17784,9.08899974822998,1
17785,8.159000396728516,1
17786,7.0269999504089355,1
17787,7.0269999504089355,1
17788,6.053999900817871,1
17805,6.816999912261963,1
17813,7.839000225067139,1
17814,7.839000225067139,1
17840,8.654999732971191,1
17841,7.869999885559082,1
17869,8.1899995803833,1
17870,6.289000034332275,1
18335,7.040999889373779,1
18336,7.4770002365112305,1
18337,7.4770002365112305,1
18338,7.4770002365112305,1
18362,6.513000011444092,1
18363,7.710000038146973,1
18364,7.710000038146973,1
18365,7.710000038146973,1
18366,7.515999794006348,1
18367,7.515999794006348,1
18391,8.335000038146973,1
18392,8.335000038146973,1
18393,8.335000038146973,1
18394,7.710000038146973,1
18395,7.515999794006348,1
18396,7.515999794006348,1
18397,6.201000213623047,1
18415,13.140000343322754,1
18422,8.335000038146973,1
18423,7.710000038146973,1
18424,7.515999794006348,1
18425,7.515999794006348,1
18426,6.201000213623047,1
18451,8.335000038146973,1
18452,7.839000225067139,1
18453,6.322999954223633,1
18454,6.201000213623047,1
18455,6.201000213623047,1
18480,8.298999786376953,1
18481,7.839000225067139,1
18482,6.2220001220703125,1
18509,7.839000225067139,1
18510,7.839000225067139,1
18536,8.1899995803833,1
18537,7.869999885559082,1
18565,8.1899995803833,1
18566,6.836999893188477,1
19060,6.89900016784668,1
19061,7.515999794006348,1
19062,7.515999794006348,1
19063,7.515999794006348,1
19087,6.993000030517578,1
19088,7.040999889373779,1
19089,7.040999889373779,1
19113,12.699999809265137,1
19114,12.699999809265137,1
19177,7.515999794006348,1
19205,6.2170000076293945,1
19232,8.1899995803833,1
19233,7.869999885559082,1
19261,8.1899995803833,1
19262,6.836999893188477,1
19756,6.89900016784668,1
19757,6.960999965667725,1
19758,6.960999965667725,1
19759,6.960999965667725,1
19785,6.89900016784668,1
19873,7.515999794006348,1
19900,8.079000473022461,1
19901,6.2170000076293945,1
19928,7.585999965667725,1
19929,7.533999919891357,1
19957,7.585999965667725,1
19958,6.836999893188477,1
22969,7.533999919891357,1
22970,6.189000129699707,1
22994,7.533999919891357,1
22995,6.189000129699707,1
23016,7.663000106811523,1
23017,7.663000106811523,1
23018,7.663000106811523,1
23019,7.533999919891357,1
23020,6.067999839782715,1
23042,6.429999828338623,1
23043,6.429999828338623,1
23044,6.429999828338623,1
23669,7.533999919891357,1
23670,6.189000129699707,1
23691,7.663000106811523,1
23692,7.663000106811523,1
23693,7.663000106811523,1
23694,7.533999919891357,1
23695,6.189000129699707,1
23716,8.220000267028809,1
23717,8.220000267028809,1
23718,8.220000267028809,1
23719,7.533999919891357,1
23720,6.067999839782715,1
23741,8.220000267028809,1
23742,8.220000267028809,1
23743,8.220000267028809,1
23744,6.824999809265137,1
23766,8.220000267028809,1
23767,8.220000267028809,1
23768,8.220000267028809,1
24366,7.663000106811523,1
24367,7.663000106811523,1
24368,7.663000106811523,1
24369,7.533999919891357,1
24370,6.189000129699707,1
24391,8.496999740600586,1
24392,8.496999740600586,1
24393,8.496999740600586,1
24394,8.170000076293945,1
24395,6.189000129699707,1
24415,9.96399974822998,1
24416,9.96399974822998,1
24417,9.96399974822998,1
24418,9.727999687194824,1
24419,8.95300006866455,1
24420,6.067999839782715,1
24440,11.223999977111816,1
24441,11.223999977111816,1
24442,11.223999977111816,1
24443,11.083999633789062,1
24444,8.95300006866455,1
24465,11.223999977111816,1
24466,11.223999977111816,1
24467,11.223999977111816,1
24468,11.083999633789062,1
24469,8.95300006866455,1
24490,11.223999977111816,1
24491,11.223999977111816,1
24492,11.223999977111816,1
24493,11.083999633789062,1
24688,28.788000106811523,1
24689,30.92799949645996,1
24690,30.92799949645996,1
24691,30.92799949645996,1
24713,28.788000106811523,1
24714,30.92799949645996,1
24715,30.92799949645996,1
24716,30.92799949645996,1
24738,28.788000106811523,1
24739,30.92799949645996,1
24740,30.92799949645996,1
24741,30.92799949645996,1
24763,10.092000007629395,1
25067,6.702000141143799,1
25068,6.702000141143799,1
25069,6.702000141143799,1
25091,8.496999740600586,1
25092,8.496999740600586,1
25093,8.496999740600586,1
25094,8.170000076293945,1
25117,9.96399974822998,1
25118,9.727999687194824,1
25119,8.95300006866455,1
25141,11.223999977111816,1
25142,11.223999977111816,1
25143,11.083999633789062,1
25144,8.95300006866455,1
25166,11.223999977111816,1
25167,11.223999977111816,1
25168,11.083999633789062,1
25169,8.95300006866455,1
25193,11.083999633789062,1
25388,29.3799991607666,1
25389,30.92799949645996,1
25390,30.92799949645996,1
25391,30.92799949645996,1
25413,33.95399856567383,1
25414,33.95399856567383,1
25415,33.95399856567383,1
25416,30.92799949645996,1
25437,21.923999786376953,1
25438,33.95399856567383,1
25439,33.95399856567383,1
25440,33.95399856567383,1
25441,30.92799949645996,1
25462,10.961999893188477,1
25463,16.976999282836914,1
25464,16.976999282836914,1
25465,16.976999282836914,1
25487,10.961999893188477,1
25488,14.329999923706055,1
25489,14.755999565124512,1
25490,14.755999565124512,1
25491,14.755999565124512,1
25596,7.005000114440918,1
25597,7.005000114440918,1
25598,7.005000114440918,1
25621,7.005000114440918,1
25622,7.005000114440918,1
25623,7.005000114440918,1
25646,7.005000114440918,1
25647,7.005000114440918,1
25648,7.005000114440918,1
25793,8.496999740600586,1
25794,8.170000076293945,1
25817,9.96399974822998,1
25818,9.727999687194824,1
25819,8.95300006866455,1
25841,11.223999977111816,1
25842,11.223999977111816,1
25843,11.083999633789062,1
25844,8.95300006866455,1
26088,29.3799991607666,1
26089,30.92799949645996,1
26090,30.92799949645996,1
26091,30.92799949645996,1
26112,22.673999786376953,1
26113,33.95399856567383,1
26114,33.95399856567383,1
26115,33.95399856567383,1
26116,30.92799949645996,1
26137,22.673999786376953,1
26138,33.95399856567383,1
26139,33.95399856567383,1
26140,33.95399856567383,1
26141,30.92799949645996,1
26162,11.336999893188477,1
26163,16.976999282836914,1
26164,16.976999282836914,1
26165,16.976999282836914,1
26187,10.961999893188477,1
26188,14.329999923706055,1
26189,14.755999565124512,1
26190,14.755999565124512,1
26191,14.755999565124512,1
26270,9.041000366210938,1
26271,9.041000366210938,1
26272,9.041000366210938,1
26273,7.866000175476074,1
26295,9.041000366210938,1
26296,9.041000366210938,1
26297,9.041000366210938,1
26298,7.866000175476074,1
26299,7.810999870300293,1
26320,9.041000366210938,1
26321,9.041000366210938,1
26322,9.041000366210938,1
26323,7.866000175476074,1
26324,7.810999870300293,1
26345,8.366999626159668,1
26346,8.366999626159668,1
26347,8.366999626159668,1
26348,7.810999870300293,1
26349,7.810999870300293,1
26539,13.25,1
26540,13.25,1
26541,13.25,1
26542,12.213000297546387,1
26564,14.503000259399414,1
26565,14.503000259399414,1
26566,14.503000259399414,1
26567,12.399999618530273,1
26589,14.503000259399414,1
26590,14.503000259399414,1
26591,14.503000259399414,1
26592,12.399999618530273,1
26614,14.503000259399414,1
26615,14.503000259399414,1
26616,14.503000259399414,1
26788,29.3799991607666,1
26789,29.3799991607666,1
26790,29.3799991607666,1
26791,27.170000076293945,1
26812,22.673999786376953,1
26813,33.95399856567383,1
26814,33.95399856567383,1
26815,33.95399856567383,1
26816,28.42799949645996,1
26837,22.673999786376953,1
26838,33.95399856567383,1
26839,33.95399856567383,1
26840,33.95399856567383,1
26841,29.511999130249023,1
26862,11.336999893188477,1
26863,16.976999282836914,1
26864,16.976999282836914,1
26865,16.976999282836914,1
26887,10.961999893188477,1
26888,14.329999923706055,1
26889,14.755999565124512,1
26890,14.755999565124512,1
26891,14.755999565124512,1
26945,10.404000282287598,1
26946,10.404000282287598,1
26947,10.404000282287598,1
26969,8.824999809265137,1
26970,10.404000282287598,1
26971,10.404000282287598,1
26972,10.404000282287598,1
26973,8.895000457763672,1
26994,8.824999809265137,1
26995,10.404000282287598,1
26996,10.404000282287598,1
26997,10.404000282287598,1
26998,8.895000457763672,1
26999,7.895999908447266,1
27019,8.824999809265137,1
27020,10.11400032043457,1
27021,10.11400032043457,1
27022,10.11400032043457,1
27023,8.895000457763672,1
27024,7.895999908447266,1
27045,8.366999626159668,1
27046,8.366999626159668,1
27047,8.366999626159668,1
27048,8.017000198364258,1
27049,7.895999908447266,1
27215,10.211000442504883,1
27216,10.211000442504883,1
27217,10.211000442504883,1
27239,13.25,1
27240,13.25,1
27241,13.25,1
27242,12.619000434875488,1
27264,15.180999755859375,1
27265,15.180999755859375,1
27266,15.180999755859375,1
27267,12.767000198364258,1
27289,15.180999755859375,1
27290,15.180999755859375,1
27291,15.180999755859375,1
27292,12.767000198364258,1
27314,15.180999755859375,1
27315,15.180999755859375,1
27316,15.180999755859375,1
27317,12.767000198364258,1
27512,22.673999786376953,1
27513,30.054000854492188,1
27514,30.054000854492188,1
27515,30.054000854492188,1
27516,26.634000778198242,1
27537,22.673999786376953,1
27538,30.054000854492188,1
27539,30.054000854492188,1
27540,30.054000854492188,1
27541,26.634000778198242,1
27562,11.336999893188477,1
27563,15.027000427246094,1
27564,15.027000427246094,1
27565,15.027000427246094,1
27566,13.317000389099121,1
27645,10.404000282287598,1
27646,10.404000282287598,1
27647,10.404000282287598,1
27669,8.824999809265137,1
27670,10.404000282287598,1
27671,10.404000282287598,1
27672,10.404000282287598,1
27673,8.895000457763672,1
27694,8.824999809265137,1
27695,10.404000282287598,1
27696,10.404000282287598,1
27697,10.404000282287598,1
27698,8.895000457763672,1
27699,7.895999908447266,1
27719,8.824999809265137,1
27720,10.11400032043457,1
27721,10.11400032043457,1
27722,10.11400032043457,1
27723,8.895000457763672,1
27724,7.895999908447266,1
27745,8.366999626159668,1
27746,8.366999626159668,1
27747,8.366999626159668,1
27748,8.017000198364258,1
27749,7.895999908447266,1
27915,10.211000442504883,1
27916,10.211000442504883,1
27917,10.211000442504883,1
27939,13.25,1
27940,13.25,1
27941,13.25,1
27942,12.619000434875488,1
27964,15.822999954223633,1
27965,15.822999954223633,1
27966,15.822999954223633,1
27989,15.822999954223633,1
27990,15.822999954223633,1
27991,15.822999954223633,1
28014,15.822999954223633,1
28015,15.822999954223633,1
28016,15.822999954223633,1
28039,15.581999778747559,1
28040,15.581999778747559,1
28041,15.581999778747559,1
28345,10.404000282287598,1
28346,10.404000282287598,1
28347,10.404000282287598,1
28369,8.824999809265137,1
28370,10.404000282287598,1
28371,10.404000282287598,1
28372,10.404000282287598,1
28373,8.895000457763672,1
28394,8.824999809265137,1
28395,10.404000282287598,1
28396,10.404000282287598,1
28397,10.404000282287598,1
28398,8.895000457763672,1
28399,7.895999908447266,1
28419,8.824999809265137,1
28420,10.11400032043457,1
28421,10.11400032043457,1
28422,10.11400032043457,1
28423,8.895000457763672,1
28424,7.895999908447266,1
28445,8.208999633789062,1
28446,8.208999633789062,1
28447,8.208999633789062,1
28448,8.017000198364258,1
28449,7.895999908447266,1
28614,9.935999870300293,1
28615,10.211000442504883,1
28616,10.211000442504883,1
28617,10.211000442504883,1
28639,12.923999786376953,1
28640,12.923999786376953,1
28641,12.923999786376953,1
28642,12.619000434875488,1
28664,15.822999954223633,1
28665,15.822999954223633,1
28666,15.822999954223633,1
28689,15.822999954223633,1
28690,15.822999954223633,1
28691,15.822999954223633,1
28714,15.822999954223633,1
28715,15.822999954223633,1
28716,15.822999954223633,1
28732,12.83899974822998,1
28739,15.581999778747559,1
28740,15.581999778747559,1
28741,15.581999778747559,1
29314,9.935999870300293,1
29315,9.935999870300293,1
29316,9.935999870300293,1
29339,12.923999786376953,1
29340,12.923999786376953,1
29341,12.923999786376953,1
29342,9.888999938964844,1
29363,10.85099983215332,1
29364,15.822999954223633,1
29365,15.822999954223633,1
29366,15.822999954223633,1
29387,14.187000274658203,1
29388,14.187000274658203,1
29389,15.822999954223633,1
29390,15.822999954223633,1
29391,15.822999954223633,1
29411,12.949999809265137,1
29412,16.31999969482422,1
29413,16.31999969482422,1
29414,16.31999969482422,1
29415,15.822999954223633,1
29416,15.822999954223633,1
29432,12.83899974822998,1
29433,13.678999900817871,1
29434,13.678999900817871,1
29435,13.678999900817871,1
29436,12.949999809265137,1
29437,16.31999969482422,1
29438,16.31999969482422,1
29439,16.31999969482422,1
29440,15.581999778747559,1
29441,15.581999778747559,1
29462,16.31999969482422,1
29463,16.31999969482422,1
29464,16.31999969482422,1
29607,13.887999534606934,1
29608,13.887999534606934,1
29609,13.887999534606934,1
29632,12.885000228881836,1
29633,12.885000228881836,1
29634,12.885000228881836,1
30014,9.935999870300293,1
30015,9.935999870300293,1
30016,9.935999870300293,1
30039,10.416999816894531,1
30040,10.416999816894531,1
30041,10.416999816894531,1
30063,10.85099983215332,1
30064,10.85099983215332,1
30065,10.85099983215332,1
30066,10.416999816894531,1
30087,14.187000274658203,1
30088,14.187000274658203,1
30089,14.187000274658203,1
30090,13.638999938964844,1
30091,10.416999816894531,1
30111,12.949999809265137,1
30112,16.31999969482422,1
30113,16.31999969482422,1
30114,16.31999969482422,1
30115,13.638999938964844,1
30132,12.83899974822998,1
30133,13.678999900817871,1
30134,13.678999900817871,1
30135,13.678999900817871,1
30136,12.949999809265137,1
30137,16.31999969482422,1
30138,16.31999969482422,1
30139,16.31999969482422,1
30140,13.638999938964844,1
30158,13.678999900817871,1
30159,13.678999900817871,1
30160,13.678999900817871,1
30162,16.31999969482422,1
30163,16.31999969482422,1
30164,16.31999969482422,1
30183,13.678999900817871,1
30258,15.861000061035156,1
30259,15.861000061035156,1
30260,15.861000061035156,1
30283,15.861000061035156,1
30284,15.861000061035156,1
30285,15.861000061035156,1
30307,14.00100040435791,1
30308,15.861000061035156,1
30309,15.861000061035156,1
30310,15.861000061035156,1
30332,14.00100040435791,1
30333,14.342000007629395,1
30334,14.342000007629395,1
30335,14.342000007629395,1
30714,7.765999794006348,1
30715,7.765999794006348,1
30716,7.765999794006348,1
30739,7.821000099182129,1
30740,7.821000099182129,1
30741,7.821000099182129,1
30763,10.85099983215332,1
30764,10.85099983215332,1
30765,10.85099983215332,1
30766,10.12399959564209,1
30787,14.187000274658203,1
30788,14.187000274658203,1
30789,14.187000274658203,1
30790,13.638999938964844,1
30791,10.12399959564209,1
30811,12.949999809265137,1
30812,16.31999969482422,1
30813,16.31999969482422,1
30814,16.31999969482422,1
30815,13.638999938964844,1
30816,10.12399959564209,1
30832,10.736000061035156,1
30833,13.678999900817871,1
30834,13.678999900817871,1
30835,13.678999900817871,1
30836,12.949999809265137,1
30837,16.31999969482422,1
30838,16.31999969482422,1
30839,16.31999969482422,1
30840,13.638999938964844,1
30857,13.178000450134277,1
30858,13.678999900817871,1
30859,13.678999900817871,1
30860,13.678999900817871,1
30862,16.31999969482422,1
30863,16.31999969482422,1
30864,16.31999969482422,1
30883,13.678999900817871,1
30884,13.678999900817871,1
30885,13.678999900817871,1
30918,23.586000442504883,1
30919,23.586000442504883,1
30920,23.586000442504883,1
30942,25.79800033569336,1
30943,25.79800033569336,1
30958,15.861000061035156,1
30959,15.861000061035156,1
30960,15.861000061035156,1
30967,25.79800033569336,1
30968,25.79800033569336,1
30983,15.861000061035156,1
30984,15.861000061035156,1
30985,15.861000061035156,1
30992,25.79800033569336,1
30993,25.79800033569336,1
31007,14.00100040435791,1
31008,15.861000061035156,1
31009,15.861000061035156,1
31010,15.861000061035156,1
31032,14.00100040435791,1
31033,14.342000007629395,1
31034,14.342000007629395,1
31035,14.342000007629395,1
31487,8.574999809265137,1
31488,8.574999809265137,1
31489,8.574999809265137,1
31512,12.73900032043457,1
31513,12.73900032043457,1
31514,12.73900032043457,1
31537,12.73900032043457,1
31538,12.73900032043457,1
31539,12.73900032043457,1
31562,12.73900032043457,1
31563,12.73900032043457,1
31564,12.73900032043457,1
31617,27.06800079345703,1
31618,27.323999404907227,1
31619,27.323999404907227,1
31620,27.323999404907227,1
31621,21.54400062561035,1
31631,12.902000427246094,1
31641,26.16200065612793,1
31642,29.670000076293945,1
31643,29.670000076293945,1
31644,29.670000076293945,1
31645,28.739999771118164,1
31646,25.68000030517578,1
31656,12.902000427246094,1
31657,13.795999526977539,1
31658,15.861000061035156,1
31659,15.861000061035156,1
31660,15.861000061035156,1
31666,26.16200065612793,1
31667,29.670000076293945,1
31668,29.670000076293945,1
31669,29.670000076293945,1
31670,28.739999771118164,1
31671,25.68000030517578,1
31681,12.902000427246094,1
31682,14.00100040435791,1
31683,15.861000061035156,1
31684,15.861000061035156,1
31685,15.861000061035156,1
31691,26.16200065612793,1
31692,29.670000076293945,1
31693,29.670000076293945,1
31694,29.670000076293945,1
31695,28.739999771118164,1
31696,25.68000030517578,1
31706,10.833000183105469,1
31707,14.00100040435791,1
31708,15.861000061035156,1
31709,15.861000061035156,1
31710,15.861000061035156,1
31711,13.404000282287598,1
31712,13.404000282287598,1
31717,25.1299991607666,1
31718,26.41200065612793,1
31719,26.41200065612793,1
31720,26.41200065612793,1
31732,14.00100040435791,1
31733,14.342000007629395,1
31734,14.342000007629395,1
31735,14.342000007629395,1
32317,27.06800079345703,1
32318,27.323999404907227,1
32319,27.323999404907227,1
32320,27.323999404907227,1
32321,24.898000717163086,1
32341,26.16200065612793,1
32342,29.670000076293945,1
32343,32.42599868774414,1
32344,32.42599868774414,1
32345,32.42599868774414,1
32346,31.22800064086914,1
32358,13.42300033569336,1
32359,13.42300033569336,1
32360,13.42300033569336,1
32366,26.16200065612793,1
32367,29.670000076293945,1
32368,32.42599868774414,1
32369,32.42599868774414,1
32370,32.42599868774414,1
32371,31.22800064086914,1
32383,13.96500015258789,1
32384,13.96500015258789,1
32385,13.96500015258789,1
32391,26.16200065612793,1
32392,29.670000076293945,1
32393,32.42599868774414,1
32394,32.42599868774414,1
32395,32.42599868774414,1
32396,31.22800064086914,1
32408,13.96500015258789,1
32409,13.96500015258789,1
32410,13.96500015258789,1
32417,25.1299991607666,1
32418,26.41200065612793,1
32419,26.41200065612793,1
32420,26.41200065612793,1
32433,13.96500015258789,1
32434,13.96500015258789,1
32435,13.96500015258789,1
33017,13.534000396728516,1
33018,13.661999702453613,1
33019,13.661999702453613,1
33020,13.661999702453613,1
33021,12.449000358581543,1
33041,13.081000328063965,1
33042,14.835000038146973,1
33043,16.21299934387207,1
33044,16.21299934387207,1
33045,16.21299934387207,1
33046,15.61400032043457,1
33066,13.081000328063965,1
33067,14.835000038146973,1
33068,16.21299934387207,1
33069,16.21299934387207,1
33070,16.21299934387207,1
33071,15.61400032043457,1
33091,13.081000328063965,1
33092,14.835000038146973,1
33093,16.21299934387207,1
33094,16.21299934387207,1
33095,16.21299934387207,1
33096,15.61400032043457,1
33116,11.3100004196167,1
33117,14.843000411987305,1
33118,14.843000411987305,1
33119,14.843000411987305,1
33120,13.206000328063965,1
33141,11.3100004196167,1
33142,14.843000411987305,1
33143,14.843000411987305,1
33144,14.843000411987305,1
33145,12.045999526977539,1
33166,9.375,1
33167,14.843000411987305,1
33168,14.843000411987305,1
33169,14.843000411987305,1
33170,12.045999526977539,1
33717,11.428000450134277,1
33718,12.675999641418457,1
33719,12.675999641418457,1
33720,12.675999641418457,1
33721,12.449000358581543,1
33741,11.824999809265137,1
33742,14.621000289916992,1
33743,16.21299934387207,1
33744,16.21299934387207,1
33745,16.21299934387207,1
33746,15.61400032043457,1
33766,11.824999809265137,1
33767,14.621000289916992,1
33768,16.21299934387207,1
33769,16.21299934387207,1
33770,16.21299934387207,1
33771,15.61400032043457,1
33772,10.25100040435791,1
33791,13.633000373840332,1
33792,14.621000289916992,1
33793,16.21299934387207,1
33794,16.21299934387207,1
33795,16.21299934387207,1
33796,15.61400032043457,1
33797,10.25100040435791,1
33816,13.633000373840332,1
33817,14.843000411987305,1
33818,14.843000411987305,1
33819,14.843000411987305,1
33820,13.501999855041504,1
33821,10.25100040435791,1
33822,10.25100040435791,1
33841,13.633000373840332,1
33842,14.843000411987305,1
33843,14.843000411987305,1
33844,14.843000411987305,1
33845,13.501999855041504,1
33866,9.375,1
33867,14.843000411987305,1
33868,14.843000411987305,1
33869,14.843000411987305,1
33870,13.501999855041504,1
33892,7.636000156402588,1
33893,7.636000156402588,1
33894,7.636000156402588,1
33895,6.750999927520752,1
34442,8.506999969482422,1
34443,10.913000106811523,1
34444,10.913000106811523,1
34445,10.913000106811523,1
34446,10.02400016784668,1
34447,8.529999732971191,1
34466,10.472999572753906,1
34467,10.472999572753906,1
34468,10.913000106811523,1
34469,10.913000106811523,1
34470,10.913000106811523,1
34471,10.25100040435791,1
34472,10.25100040435791,1
34491,13.633000373840332,1
34492,13.633000373840332,1
34493,13.633000373840332,1
34494,12.470000267028809,1
34495,11.467000007629395,1
34496,10.25100040435791,1
34497,10.25100040435791,1
34516,13.633000373840332,1
34517,14.843000411987305,1
34518,14.843000411987305,1
34519,14.843000411987305,1
34520,13.501999855041504,1
34521,10.25100040435791,1
34522,10.25100040435791,1
34541,13.633000373840332,1
34542,14.843000411987305,1
34543,14.843000411987305,1
34544,14.843000411987305,1
34545,13.501999855041504,1
34566,9.375,1
34567,14.843000411987305,1
34568,14.843000411987305,1
34569,14.843000411987305,1
34570,13.501999855041504,1
34592,7.636000156402588,1
34593,7.636000156402588,1
34594,7.636000156402588,1
34595,6.750999927520752,1
35124,7.626999855041504,1
35125,7.626999855041504,1
35126,7.626999855041504,1
35145,8.529999732971191,1
35146,8.529999732971191,1
35147,8.529999732971191,1
35148,7.98799991607666,1
35149,7.626999855041504,1
35150,7.626999855041504,1
35151,7.626999855041504,1
35166,10.472999572753906,1
35167,10.472999572753906,1
35168,10.472999572753906,1
35169,9.70300006866455,1
35170,10.25100040435791,1
35171,10.25100040435791,1
35172,10.25100040435791,1
35173,7.98799991607666,1
35174,7.626999855041504,1
35175,7.626999855041504,1
35176,7.626999855041504,1
35191,13.633000373840332,1
35192,13.633000373840332,1
35193,13.633000373840332,1
35194,12.470000267028809,1
35195,10.694000244140625,1
35196,10.25100040435791,1
35197,10.25100040435791,1
35198,7.98799991607666,1
35216,13.633000373840332,1
35217,13.633000373840332,1
35218,13.633000373840332,1
35219,13.501999855041504,1
35220,13.501999855041504,1
35221,10.25100040435791,1
35222,10.25100040435791,1
35241,13.633000373840332,1
35242,13.633000373840332,1
35243,13.633000373840332,1
35244,13.501999855041504,1
35245,13.501999855041504,1
35266,7.535999774932861,1
35267,10.956999778747559,1
35268,13.501999855041504,1
35269,13.501999855041504,1
35270,13.501999855041504,1
35292,7.636000156402588,1
35293,7.636000156402588,1
35294,7.636000156402588,1
35295,6.750999927520752,1
35824,7.626999855041504,1
35825,7.626999855041504,1
35826,7.626999855041504,1
35845,8.529999732971191,1
35846,8.529999732971191,1
35847,8.529999732971191,1
35848,7.98799991607666,1
35849,7.626999855041504,1
35850,7.626999855041504,1
35851,7.626999855041504,1
35866,7.441999912261963,1
35867,7.441999912261963,1
35868,7.441999912261963,1
35869,9.227999687194824,1
35870,9.227999687194824,1
35871,9.227999687194824,1
35872,8.529999732971191,1
35873,7.98799991607666,1
35874,7.626999855041504,1
35875,7.626999855041504,1
35876,7.626999855041504,1
35891,9.015000343322754,1
35892,9.015000343322754,1
35893,9.015000343322754,1
35894,9.227999687194824,1
35895,9.227999687194824,1
35896,9.227999687194824,1
35897,8.529999732971191,1
35898,7.98799991607666,1
35916,9.015000343322754,1
35917,9.015000343322754,1
35918,9.015000343322754,1
35919,9.227999687194824,1
35920,9.227999687194824,1
35921,9.227999687194824,1
35941,9.015000343322754,1
35942,9.015000343322754,1
35943,9.015000343322754,1
35944,8.88700008392334,1
35945,8.668999671936035,1
35967,7.9070000648498535,1
35968,8.668999671936035,1
35969,8.668999671936035,1
35970,8.668999671936035,1
35992,6.456999778747559,1
35993,6.456999778747559,1
35994,6.456999778747559,1
